total mean
0.855263	0.000000	0.774061	0.530365	0.751645	0.542179	0.762430	0.542886	0.715394	0.581900	0.716987	0.580152	0.684267	0.532819	0.654414	0.535575	0.674736	0.473154	0.652726	0.508116	0.643553	0.537685	0.652960	0.486119	0.669537	0.447357	0.764756	0.452203	0.643863	0.499120	0.663929	0.484287	0.658158	0.525898
mean of class
0.710526	0.000000	0.633771	0.515436	0.602964	0.485332	0.664713	0.472849	0.615033	0.543051	0.656005	0.548621	0.630366	0.469382	0.589701	0.495912	0.636604	0.424751	0.605884	0.516817	0.575855	0.580198	0.581831	0.492482	0.596346	0.421220	0.776359	0.422776	0.546154	0.511977	0.583999	0.467857	0.590804	0.537552
1.000000	0.000000	0.914351	0.545294	0.900327	0.599026	0.860146	0.612924	0.815754	0.620750	0.777968	0.611682	0.738168	0.596255	0.719127	0.575237	0.712867	0.521556	0.699567	0.499416	0.711251	0.495171	0.724089	0.479756	0.742728	0.473495	0.753154	0.481629	0.741572	0.486262	0.743858	0.500716	0.725512	0.514244
SW
23.447368	0.000000	0.914445	-3.990613	-0.102187	4.015971	-0.564466	-2.895979	1.796100	-2.891821	-0.351826	-1.895505	2.802071	2.083321	-0.039871	-1.166295	1.695445	4.266779	4.494179	-0.445050	1.878224	-1.853458	1.200413	-5.748079	-4.820566	8.400266	-2.380161	-1.048382	3.023066	-3.932853	1.771971	0.439282	1.996516	1.239208
0.000000	0.000000	0.000000	0.000000	0.000000	0.000000	0.000000	0.000000	0.000000	0.000000	0.000000	0.000000	0.000000	0.000000	0.000000	0.000000	0.000000	0.000000	0.000000	0.000000	0.000000	0.000000	0.000000	0.000000	0.000000	0.000000	0.000000	0.000000	0.000000	0.000000	0.000000	0.000000	0.000000	0.000000
0.914445	0.000000	15.358132	3.788906	7.006339	-2.205350	4.468870	-3.396279	6.753090	-1.710579	5.380307	0.206595	5.089054	2.203757	2.394618	0.648301	4.605423	2.174372	4.244897	3.310254	-0.097367	4.693762	4.019849	-0.697565	3.249526	-0.285156	2.410918	2.227752	2.344204	3.841953	1.012960	-1.172460	2.839710	0.867040
-3.990613	0.000000	3.788906	17.176033	-0.420434	-4.895020	-2.018618	5.206294	-6.105967	5.582391	-2.213625	6.916685	-4.856665	2.962327	-7.009157	4.342526	-4.696802	-1.040966	-7.639113	3.133750	-8.732828	0.353427	-3.215470	2.330137	-2.514535	-5.896050	0.794846	2.194424	-1.693269	5.641638	-4.941484	0.058783	-3.770293	0.033069
-0.102187	0.000000	7.006339	-0.420434	16.836385	-0.657940	5.417120	-4.918008	8.707503	-2.426771	8.320221	0.525566	9.685557	3.039486	7.003667	0.445544	6.219949	0.268210	4.584819	2.269498	3.141194	5.343393	7.006881	2.220067	3.977187	0.760284	4.895771	5.619039	1.691407	1.863214	4.093646	0.543463	3.610466	0.816211
4.015971	0.000000	-2.205350	-4.895020	-0.657940	16.531239	-0.482598	1.848936	-3.815453	-0.438499	-6.201689	1.137989	-7.455836	2.771071	-9.253339	0.394151	-7.431079	-0.078025	-3.199186	-2.140678	-1.110628	-3.110680	-4.015771	-6.495166	-4.224264	0.949836	-3.668307	-4.243080	-0.246552	-4.420379	1.035240	2.881915	0.973144	3.331589
-0.564466	0.000000	4.468870	-2.018618	5.417120	-0.482598	13.991899	-3.446253	6.479922	-4.159757	7.136612	-1.447780	12.134649	-1.278935	11.429804	-0.339310	6.684235	1.536384	8.172292	5.444533	10.413425	5.580054	4.539832	1.047165	3.169701	3.019060	2.170995	2.474672	2.991245	0.643463	3.462777	-0.714682	6.360561	1.821046
-2.895979	0.000000	-3.396279	5.206294	-4.918008	1.848936	-3.446253	20.850356	-10.133826	6.797198	-10.215385	7.152851	-11.100084	4.815142	-10.121033	7.439281	-13.319983	-1.179990	-12.524023	0.690155	-8.998008	-6.216200	-8.850356	-0.229951	-3.752940	-3.559519	-5.644460	-0.452836	-6.400226	2.180890	-5.128549	2.952162	-5.091672	5.640344
1.796100	0.000000	6.753090	-6.105967	8.707503	-3.815453	6.479922	-10.133826	19.812321	-5.485438	13.479285	-4.602739	13.753846	-0.488625	16.354316	-1.371903	14.747927	3.960566	14.547248	2.369575	9.516935	7.796596	6.560042	4.522406	6.748568	4.658228	2.708137	3.956502	4.509980	-0.271670	4.847769	-2.596810	4.602341	-0.759705
-2.891821	0.000000	-1.710579	5.582391	-2.426771	-0.438499	-4.159757	6.797198	-5.485438	19.735449	-7.755807	7.570906	-9.805954	6.198514	-9.480902	6.130797	-9.285605	-0.258440	-14.849784	0.028518	-12.228530	0.316272	-9.232857	2.538618	-6.125706	-2.077878	-4.180557	1.525912	-3.812036	0.985415	-6.073981	-2.300271	-6.350782	1.677741
-0.351826	0.000000	5.380307	-2.213625	8.320221	-6.201689	7.136612	-10.215385	13.479285	-7.755807	24.195163	-4.323318	16.636369	-3.735900	18.187343	0.282281	20.410513	1.782981	13.952605	3.979047	13.223437	9.326130	13.277873	4.615869	8.057699	3.518351	6.669253	6.403157	8.808113	3.812520	4.976106	0.142871	5.795488	-2.036777
-1.895505	0.000000	0.206595	6.916685	0.525566	1.137989	-1.447780	7.152851	-4.602739	7.570906	-4.323318	19.142313	-5.549192	7.794994	-6.064926	5.722488	-7.395253	-0.000332	-11.946387	3.964504	-8.199422	-0.321551	-9.057197	4.482388	-7.890632	0.178447	-3.174251	1.274882	-7.284081	4.436596	-7.720621	-0.811420	-5.057983	-0.399964
2.802071	0.000000	5.089054	-4.856665	9.685557	-7.455836	12.134649	-11.100084	13.753846	-9.805954	16.636369	-5.549192	29.998925	-2.089379	26.421308	-3.864578	20.516927	1.307333	17.451986	8.850208	18.791281	8.613475	13.724529	3.374539	8.342222	7.353825	9.153915	6.213077	5.869362	3.778488	4.024938	-1.358646	9.579689	0.520368
2.083321	0.000000	2.203757	2.962327	3.039486	2.771071	-1.278935	4.815142	-0.488625	6.198514	-3.735900	7.794994	-2.089379	17.914915	-5.284050	1.600628	-5.614087	6.406240	-8.291976	7.329392	-7.816409	3.107545	-8.860753	1.815935	-3.929186	0.214058	-5.175514	1.849117	-5.729250	2.179203	-6.428519	0.010652	-3.686479	2.845638
-0.039871	0.000000	2.394618	-7.009157	7.003667	-9.253339	11.429804	-10.121033	16.354316	-9.480902	18.187343	-6.064926	26.421308	-5.284050	33.544092	-3.074854	21.338993	2.959491	20.440148	7.493405	20.786339	8.939361	14.427920	7.580000	10.948031	8.171918	10.006868	4.856450	8.450728	4.353099	6.814815	-0.987742	9.090488	-0.442034
-1.166295	0.000000	0.648301	4.342526	0.445544	0.394151	-0.339310	7.439281	-1.371903	6.130797	0.282281	5.722488	-3.864578	1.600628	-3.074854	16.797521	-4.627444	4.073438	-7.776313	6.260140	-7.694281	5.578747	-5.608456	4.130189	-6.481698	3.085525	-4.814266	3.626512	-4.580761	3.049008	-5.114709	2.156743	-4.264204	3.344901
1.695445	0.000000	4.605423	-4.696802	6.219949	-7.431079	6.684235	-13.319983	14.747927	-9.285605	20.410513	-7.395253	20.516927	-5.614087	21.338993	-4.627444	30.071420	-0.915738	17.750941	3.260509	17.369012	7.633788	14.893837	1.220222	12.299679	3.045177	10.415071	4.801765	10.299511	2.214169	7.290071	0.261483	7.456720	-0.027057
4.266779	0.000000	2.174372	-1.040966	0.268210	-0.078025	1.536384	-1.179990	3.960566	-0.258440	1.782981	-0.000332	1.307333	6.406240	2.959491	4.073438	-0.915738	19.621082	1.067224	9.522569	-2.344586	9.831201	-4.778352	7.086759	-4.583379	10.830770	-4.377557	6.341803	-3.968085	1.355654	-3.316080	5.092264	-1.755809	0.389103
4.494179	0.000000	4.244897	-7.639113	4.584819	-3.199186	8.172292	-12.524023	14.547248	-14.849784	13.952605	-11.946387	17.451986	-8.291976	20.440148	-7.776313	17.750941	1.067224	32.046780	1.327839	20.420215	3.584004	16.035924	2.122562	13.455362	6.179165	8.381671	4.483001	12.002539	2.905446	12.163767	2.148696	10.798222	0.034063
-0.445050	0.000000	3.310254	3.133750	2.269498	-2.140678	5.444533	0.690155	2.369575	0.028518	3.979047	3.964504	8.850208	7.329392	7.493405	6.260140	3.260509	9.522569	1.327839	22.381975	0.452059	11.902773	-3.657388	5.918202	-5.822836	8.510820	-2.543320	4.420539	-6.678052	7.961743	-8.868388	1.904013	-1.318139	2.574623
1.878224	0.000000	-0.097367	-8.732828	3.141194	-1.110628	10.413425	-8.998008	9.516935	-12.228530	13.223437	-8.199422	18.791281	-7.816409	20.786339	-7.694281	17.369012	-2.344586	20.420215	0.452059	28.658000	0.575289	17.247746	-0.984206	11.089698	5.177860	9.812740	-0.857120	12.327872	2.448212	12.384879	1.752108	14.126126	1.496794
-1.853458	0.000000	4.693762	0.353427	5.343393	-3.110680	5.580054	-6.216200	7.796596	0.316272	9.326130	-0.321551	8.613475	3.107545	8.939361	5.578747	7.633788	9.831201	3.584004	11.902773	0.575289	22.330693	3.186799	9.138733	-1.026920	8.979836	-0.758246	9.669089	-1.037687	5.616598	-3.080935	4.894353	-2.498209	4.159811
1.200413	0.000000	4.019849	-3.215470	7.006881	-4.015771	4.539832	-8.850356	6.560042	-9.232857	13.277873	-9.057197	13.724529	-8.860753	14.427920	-5.608456	14.893837	-4.778352	16.035924	-3.657388	17.247746	3.186799	27.858287	-3.197176	12.696541	1.297284	14.146483	3.514558	14.580241	4.369413	11.123648	3.869891	10.742845	2.895109
-5.748079	0.000000	-0.697565	2.330137	2.220067	-6.495166	1.047165	-0.229951	4.522406	2.538618	4.615869	4.482388	3.374539	1.815935	7.580000	4.130189	1.220222	7.086759	2.122562	5.918202	-0.984206	9.138733	-3.197176	23.918971	-1.172203	9.919968	-0.665783	11.071533	-5.627232	8.359494	-5.581122	2.202923	-6.625838	0.918519
-4.820566	0.000000	3.249526	-2.514535	3.977187	-4.224264	3.169701	-3.752940	6.748568	-6.125706	8.057699	-7.890632	8.342222	-3.929186	10.948031	-6.481698	12.299679	-4.583379	13.455362	-5.822836	11.089698	-1.026920	12.696541	-1.172203	25.724243	-2.786263	11.891278	4.300477	14.194705	-0.547185	13.875519	0.942744	9.945780	4.208794
8.400266	0.000000	-0.285156	-5.896050	0.760284	0.949836	3.019060	-3.559519	4.658228	-2.077878	3.518351	0.178447	7.353825	0.214058	8.171918	3.085525	3.045177	10.830770	6.179165	8.510820	5.177860	8.979836	1.297284	9.919968	-2.786263	21.716438	-0.536643	9.877757	-1.980180	4.123597	-2.965379	4.918814	-0.791284	3.636803
-2.380161	0.000000	2.410918	0.794846	4.895771	-3.668307	2.170995	-5.644460	2.708137	-4.180557	6.669253	-3.174251	9.153915	-5.175514	10.006868	-4.814266	10.415071	-4.377557	8.381671	-2.543320	9.812740	-0.758246	14.146483	-0.665783	11.891278	-0.536643	22.720295	1.841452	12.731164	3.508311	9.425389	3.919781	11.717321	1.507499
-1.048382	0.000000	2.227752	2.194424	5.619039	-4.243080	2.474672	-0.452836	3.956502	1.525912	6.403157	1.274882	6.213077	1.849117	4.856450	3.626512	4.801765	6.341803	4.483001	4.420539	-0.857120	9.669089	3.514558	11.071533	4.300477	9.877757	1.841452	25.681623	-2.120885	8.003179	-3.484111	10.310703	-4.463821	7.065502
3.023066	0.000000	2.344204	-1.693269	1.691407	-0.246552	2.991245	-6.400226	4.509980	-3.812036	8.808113	-7.284081	5.869362	-5.729250	8.450728	-4.580761	10.299511	-3.968085	12.002539	-6.678052	12.327872	-1.037687	14.580241	-5.627232	14.194705	-1.980180	12.731164	-2.120885	25.751337	-0.947064	14.276505	0.343209	13.483116	2.928703
-3.932853	0.000000	3.841953	5.641638	1.863214	-4.420379	0.643463	2.180890	-0.271670	0.985415	3.812520	4.436596	3.778488	2.179203	4.353099	3.049008	2.214169	1.355654	2.905446	7.961743	2.448212	5.616598	4.369413	8.359494	-0.547185	4.123597	3.508311	8.003179	-0.947064	20.887052	-5.278725	6.436859	-3.359632	6.639530
1.771971	0.000000	1.012960	-4.941484	4.093646	1.035240	3.462777	-5.128549	4.847769	-6.073981	4.976106	-7.720621	4.024938	-6.428519	6.814815	-5.114709	7.290071	-3.316080	12.163767	-8.868388	12.384879	-3.080935	11.123648	-5.581122	13.875519	-2.965379	9.425389	-3.484111	14.276505	-5.278725	23.531363	0.687132	14.208979	1.411965
0.439282	0.000000	-1.172460	0.058783	0.543463	2.881915	-0.714682	2.952162	-2.596810	-2.300271	0.142871	-0.811420	-1.358646	0.010652	-0.987742	2.156743	0.261483	5.092264	2.148696	1.904013	1.752108	4.894353	3.869891	2.202923	0.942744	4.918814	3.919781	10.310703	0.343209	6.436859	0.687132	20.902525	-1.007255	9.672417
1.996516	0.000000	2.839710	-3.770293	3.610466	0.973144	6.360561	-5.091672	4.602341	-6.350782	5.795488	-5.057983	9.579689	-3.686479	9.090488	-4.264204	7.456720	-1.755809	10.798222	-1.318139	14.126126	-2.498209	10.742845	-6.625838	9.945780	-0.791284	11.717321	-4.463821	13.483116	-3.359632	14.208979	-1.007255	19.456187	-0.530059
1.239208	0.000000	0.867040	0.033069	0.816211	3.331589	1.821046	5.640344	-0.759705	1.677741	-2.036777	-0.399964	0.520368	2.845638	-0.442034	3.344901	-0.027057	0.389103	0.034063	2.574623	1.496794	4.159811	2.895109	0.918519	4.208794	3.636803	1.507499	7.065502	2.928703	6.639530	1.411965	9.672417	-0.530059	17.276275
SB
0.083795	0.504848	0.041544	0.027302	0.036024	0.012432	0.022386	0.009526	0.011073	0.008060	0.004548	0.009770	0.000764	0.013058	0.000074	0.018303	0.000005	0.035710	0.000120	0.044568	0.000001	0.046378	0.000184	0.053255	0.001037	0.056184	0.001817	0.052394	0.000964	0.050294	0.001111	0.044020	0.000225	0.038527
0.504848	0.000000	0.836037	0.297346	0.810588	0.358832	0.739852	0.375675	0.665455	0.385330	0.605235	0.374155	0.544893	0.355520	0.517144	0.330898	0.508179	0.272021	0.489395	0.249416	0.505878	0.245194	0.524304	0.230165	0.551644	0.224197	0.567241	0.231967	0.549930	0.236451	0.553325	0.250717	0.526367	0.264447
0.041544	0.836037	0.078725	0.007828	0.071052	0.001207	0.051246	0.000435	0.033118	0.000170	0.020793	0.000488	0.010899	0.001407	0.007286	0.003426	0.006256	0.012592	0.004329	0.018051	0.006003	0.019210	0.008157	0.023721	0.011872	0.025689	0.014252	0.023147	0.011621	0.021759	0.012119	0.017704	0.008416	0.014287
0.027302	0.297346	0.007828	0.000892	0.148141	0.006987	0.118825	0.009504	0.090191	0.011091	0.068923	0.009263	0.049610	0.006532	0.041490	0.003576	0.038979	0.000037	0.033904	0.000257	0.038344	0.000411	0.043536	0.001273	0.051661	0.001759	0.056510	0.001143	0.051138	0.000851	0.052177	0.000217	0.044132	0.000001
0.036024	0.810588	0.071052	0.148141	0.088424	0.000016	0.066143	0.000099	0.045280	0.000316	0.030627	0.000076	0.018280	0.000045	0.013494	0.000769	0.012079	0.006627	0.009332	0.010722	0.011726	0.011619	0.014671	0.015180	0.019534	0.016762	0.022557	0.014722	0.019212	0.013619	0.019851	0.010455	0.015018	0.007871
0.012432	0.358832	0.001207	0.006987	0.000016	0.012926	0.140485	0.016280	0.109179	0.018338	0.085636	0.015964	0.063926	0.012304	0.054660	0.008083	0.051772	0.001312	0.045897	0.000198	0.051039	0.000097	0.057005	0.000031	0.066252	0.000140	0.071728	0.000014	0.065659	0.000001	0.066836	0.000237	0.057686	0.000836
0.022386	0.739852	0.051246	0.118825	0.066143	0.140485	0.038194	0.002682	0.022813	0.001933	0.012827	0.002812	0.005396	0.004687	0.002961	0.008006	0.002319	0.020494	0.001215	0.027323	0.002166	0.028745	0.003525	0.034209	0.006086	0.036565	0.007822	0.033520	0.005907	0.031845	0.006264	0.026895	0.003696	0.022641
0.009526	0.375675	0.000435	0.009504	0.000099	0.016280	0.002682	0.019621	0.117584	0.021875	0.093098	0.019275	0.070394	0.015229	0.060653	0.010483	0.057609	0.002372	0.051401	0.000706	0.056836	0.000498	0.063121	0.000048	0.072834	0.000000	0.078571	0.000077	0.072212	0.000180	0.073446	0.000777	0.063838	0.001714
0.011073	0.665455	0.033118	0.090191	0.045280	0.109179	0.022813	0.117584	0.040289	0.000033	0.026548	0.000011	0.015162	0.000353	0.010836	0.001584	0.009571	0.008738	0.007146	0.013367	0.009258	0.014367	0.011893	0.018300	0.016306	0.020033	0.019077	0.017797	0.016012	0.016582	0.016596	0.013068	0.012205	0.010159
0.008060	0.385330	0.000170	0.011091	0.000316	0.018338	0.001933	0.021875	0.000033	0.006037	0.055186	0.004710	0.038071	0.002831	0.031003	0.001036	0.028838	0.000462	0.024497	0.001904	0.028291	0.002292	0.032775	0.004006	0.039871	0.004838	0.044143	0.003773	0.039411	0.003225	0.040324	0.001792	0.033292	0.000830
0.004548	0.605235	0.020793	0.068923	0.030627	0.085636	0.012827	0.093098	0.026548	0.055186	0.014875	0.001965	0.006751	0.003570	0.003984	0.006524	0.003233	0.018077	0.001898	0.024520	0.003052	0.025868	0.004635	0.031064	0.007521	0.033310	0.009438	0.030407	0.007322	0.028813	0.007718	0.024115	0.004831	0.020096
0.009770	0.374155	0.000488	0.009263	0.000076	0.015964	0.002812	0.019275	0.000011	0.004710	0.001965	0.003977	0.035928	0.002269	0.029072	0.000708	0.026977	0.000733	0.022785	0.002421	0.026449	0.002857	0.030789	0.004742	0.037677	0.005644	0.041834	0.004488	0.037230	0.003889	0.038118	0.002295	0.031290	0.001182
0.000764	0.544893	0.010899	0.049610	0.018280	0.063926	0.005396	0.070394	0.015162	0.038071	0.006751	0.035928	0.011621	0.001164	0.007879	0.003039	0.006806	0.011840	0.004789	0.017148	0.006542	0.018278	0.008784	0.022683	0.012625	0.024609	0.015077	0.022123	0.012367	0.020766	0.012881	0.016809	0.009053	0.013484
0.013058	0.355520	0.001407	0.006532	0.000045	0.012304	0.004687	0.015229	0.000353	0.002831	0.003570	0.002269	0.001164	0.016097	0.062372	0.011205	0.059285	0.002722	0.052985	0.000902	0.058501	0.000665	0.064875	0.000108	0.074718	0.000017	0.080526	0.000150	0.074087	0.000285	0.075337	0.000982	0.065602	0.002013
0.000074	0.517144	0.007286	0.041490	0.013494	0.054660	0.002961	0.060653	0.010836	0.031003	0.003984	0.029072	0.007879	0.062372	0.016751	0.000209	0.015170	0.004644	0.012071	0.008151	0.014774	0.008936	0.018060	0.012088	0.023417	0.013504	0.026717	0.011680	0.023065	0.010700	0.023764	0.007918	0.018445	0.005694
0.018303	0.330898	0.003426	0.003576	0.000769	0.008083	0.008006	0.010483	0.001584	0.001036	0.006524	0.000708	0.003039	0.011205	0.000209	0.006292	0.047069	0.000658	0.041475	0.000012	0.046371	0.000001	0.052064	0.000261	0.060918	0.000503	0.066173	0.000204	0.060349	0.000093	0.061477	0.000023	0.052716	0.000336
0.000005	0.508179	0.006256	0.038979	0.012079	0.051772	0.002319	0.057609	0.009571	0.028838	0.003233	0.026977	0.006806	0.059285	0.015170	0.047069	0.005816	0.013236	0.003964	0.018821	0.005572	0.020003	0.007653	0.024602	0.011262	0.026605	0.013584	0.024017	0.011018	0.022603	0.011503	0.018466	0.007905	0.014972
0.035710	0.272021	0.012592	0.000037	0.006627	0.001312	0.020494	0.002372	0.008738	0.000462	0.018077	0.000733	0.011840	0.002722	0.004644	0.000658	0.013236	0.009371	0.075524	0.005575	0.082082	0.004959	0.089603	0.003026	0.101109	0.002376	0.107849	0.003235	0.100376	0.003784	0.101829	0.005771	0.090457	0.008009
0.000120	0.489395	0.004329	0.033904	0.009332	0.045897	0.001215	0.051401	0.007146	0.024497	0.001898	0.022785	0.004789	0.052985	0.012071	0.041475	0.003964	0.075524	0.008777	0.011336	0.011102	0.012257	0.013972	0.015908	0.018726	0.017527	0.021688	0.015439	0.018411	0.014309	0.019037	0.011060	0.014311	0.008398
0.044568	0.249416	0.018051	0.000257	0.010722	0.000198	0.027323	0.000706	0.013367	0.001904	0.024520	0.002421	0.017148	0.000902	0.008151	0.000012	0.018821	0.005575	0.011336	0.000303	0.037805	0.000469	0.042962	0.001374	0.051036	0.001877	0.055855	0.001238	0.050515	0.000934	0.051548	0.000259	0.043554	0.000007
0.000001	0.505878	0.006003	0.038344	0.011726	0.051039	0.002166	0.056836	0.009258	0.028291	0.003052	0.026449	0.006542	0.058501	0.014774	0.046371	0.005572	0.082082	0.011102	0.037805	0.018332	0.006510	0.021973	0.009235	0.027846	0.010478	0.031435	0.008879	0.027462	0.008027	0.028225	0.005646	0.022397	0.003796
0.046378	0.245194	0.019210	0.000411	0.011619	0.000097	0.028745	0.000498	0.014367	0.002292	0.025868	0.002857	0.018278	0.000665	0.008936	0.000001	0.020003	0.004959	0.012257	0.000469	0.006510	0.007230	0.020704	0.010089	0.026416	0.011386	0.029914	0.009716	0.026042	0.008824	0.026785	0.006317	0.021116	0.004350
0.000184	0.524304	0.008157	0.043536	0.014671	0.057005	0.003525	0.063121	0.011893	0.032775	0.004635	0.030789	0.008784	0.064875	0.018060	0.052064	0.007653	0.089603	0.013972	0.042962	0.021973	0.020704	0.020237	0.010419	0.025888	0.011737	0.029352	0.010040	0.025517	0.009133	0.026253	0.006580	0.020644	0.004568
0.053255	0.230165	0.023721	0.001273	0.015180	0.000031	0.034209	0.000048	0.018300	0.004006	0.031064	0.004742	0.022683	0.000108	0.012088	0.000261	0.024602	0.003026	0.015908	0.001374	0.009235	0.010089	0.010419	0.000162	0.062623	0.000361	0.067950	0.000118	0.062046	0.000039	0.063190	0.000068	0.054303	0.000474
0.001037	0.551644	0.011872	0.051661	0.019534	0.066252	0.006086	0.072834	0.016306	0.039871	0.007521	0.037677	0.012625	0.074718	0.023417	0.060918	0.011262	0.101109	0.018726	0.051036	0.027846	0.026416	0.025888	0.062623	0.021427	0.015093	0.024589	0.013160	0.021091	0.012119	0.021760	0.009145	0.016684	0.006741
0.056184	0.224197	0.025689	0.001759	0.016762	0.000140	0.036565	0.000000	0.020033	0.004838	0.033310	0.005644	0.024609	0.000017	0.013504	0.000503	0.026605	0.002376	0.017527	0.001877	0.010478	0.011386	0.011737	0.000361	0.015093	0.002733	0.110180	0.003649	0.102626	0.004230	0.104095	0.006320	0.092593	0.008653
0.001817	0.567241	0.014252	0.056510	0.022557	0.071728	0.007822	0.078571	0.019077	0.044143	0.009438	0.041834	0.015077	0.080526	0.026717	0.066173	0.013584	0.107849	0.021688	0.055855	0.031435	0.029914	0.029352	0.067950	0.024589	0.110180	0.000538	0.086866	0.001210	0.084156	0.001056	0.075979	0.002585	0.068704
0.052394	0.231967	0.023147	0.001143	0.014722	0.000014	0.033520	0.000077	0.017797	0.003773	0.030407	0.004488	0.022123	0.000150	0.011680	0.000204	0.024017	0.003235	0.015439	0.001238	0.008879	0.009716	0.010040	0.000118	0.013160	0.003649	0.086866	0.003464	0.101631	0.004030	0.103094	0.006075	0.091649	0.008366
0.000964	0.549930	0.011621	0.051138	0.019212	0.065659	0.005907	0.072212	0.016012	0.039411	0.007322	0.037230	0.012367	0.074087	0.023065	0.060349	0.011018	0.100376	0.018411	0.050515	0.027462	0.026042	0.025517	0.062046	0.021091	0.102626	0.001210	0.101631	0.038189	0.003587	0.039087	0.002065	0.032169	0.001018
0.050294	0.236451	0.021759	0.000851	0.013619	0.000001	0.031845	0.000180	0.016582	0.003225	0.028813	0.003889	0.020766	0.000285	0.010700	0.000093	0.022603	0.003784	0.014309	0.000934	0.008027	0.008824	0.009133	0.000039	0.012119	0.004230	0.084156	0.004030	0.003587	0.000661	0.053769	0.000127	0.045597	0.000005
0.001111	0.553325	0.012119	0.052177	0.019851	0.066836	0.006264	0.073446	0.016596	0.040324	0.007718	0.038118	0.012881	0.075337	0.023764	0.061477	0.011503	0.101829	0.019037	0.051548	0.028225	0.026785	0.026253	0.063190	0.021760	0.104095	0.001056	0.103094	0.039087	0.053769	0.025555	0.006936	0.020026	0.004866
0.044020	0.250717	0.017704	0.000217	0.010455	0.000237	0.026895	0.000777	0.013068	0.001792	0.024115	0.002295	0.016809	0.000982	0.007918	0.000023	0.018466	0.005771	0.011060	0.000259	0.005646	0.006317	0.006580	0.000068	0.009145	0.006320	0.075979	0.006075	0.002065	0.000127	0.006936	0.001080	0.066386	0.002152
0.000225	0.526367	0.008416	0.044132	0.015018	0.057686	0.003696	0.063838	0.012205	0.033292	0.004831	0.031290	0.009053	0.065602	0.018445	0.052716	0.007905	0.090457	0.014311	0.043554	0.022397	0.021116	0.020644	0.054303	0.016684	0.092593	0.002585	0.091649	0.032169	0.045597	0.020026	0.066386	0.018146	0.005861
0.038527	0.264447	0.014287	0.000001	0.007871	0.000836	0.022641	0.001714	0.010159	0.000830	0.020096	0.001182	0.013484	0.002013	0.005694	0.000336	0.014972	0.008009	0.008398	0.000007	0.003796	0.004350	0.004568	0.000474	0.006741	0.008653	0.068704	0.008366	0.001018	0.000005	0.004866	0.002152	0.005861	0.000543

wegight[fold=2]
-3.390722	3.390722	-3.390722	3.390722	-3.390722	3.390722	-3.390722	3.390722	-3.390722	3.390722	-3.390722	3.390722	-3.390722	3.390722	-3.390722	3.390722	-3.390722	3.390722	-3.390722	3.390722	-3.390722	3.390722	-3.390722	3.390722	-3.390722	3.390722	-3.390722	3.390722	-3.390722	3.390722	-3.390722	3.390722	-3.390722	3.390722
[y from w and x]
0	0	-19.151473
0	1	-23.876105
0	2	-3.800321
0	3	-9.006434
0	4	-20.635931
0	5	-5.772025
0	6	1.575329
0	7	3.390722
0	8	-0.206495
0	9	-10.172165
0	10	-28.670246
0	11	-6.781443
0	12	-11.301614
0	13	-22.158704
0	14	6.781443
0	15	-2.612212
0	16	6.781443
0	17	-15.397945
0	18	6.781443
0	19	-9.172580
0	20	-8.665328
0	21	1.333571
0	22	-31.644926
0	23	-19.151473
0	24	-4.519832
0	25	-9.006434
0	26	-22.510661
0	27	6.781443
0	28	-30.516494
0	29	-11.844129
0	30	-11.387060
0	31	-19.964229
0	32	4.190593
0	33	-27.287849
0	34	-3.842366
0	35	7.055413
0	36	-6.781443
0	37	-4.955539
0	38	-4.519832
0	39	-16.953608
0	40	-5.764227
0	41	-5.764227
0	42	-3.749460
0	43	-24.707170
0	44	-31.099359
0	45	-23.735051
0	46	2.324340
0	47	-3.722673
0	48	13.232630
0	49	6.781443
0	50	-0.423840
0	51	-15.816699
0	52	-2.612212
0	53	0.000000
0	54	-21.192009
0	55	-21.192009
0	56	-0.698828
0	57	-7.285982
0	58	2.324340
0	59	-11.844129
0	60	-5.462452
0	61	-10.172165
0	62	3.390722
0	63	-14.224416
0	64	-23.591284
0	65	-5.416339
0	66	3.390722
0	67	-2.331121
0	68	-3.921709
0	69	-18.339056
0	70	-10.172165
0	71	-2.611195
0	72	-4.662581
0	73	-15.397945
0	74	-19.726879
0	75	-2.013071
0	76	-12.027228
0	77	-9.006434
0	78	-22.510661
0	79	-8.665328
0	80	-10.172165
0	81	-18.758150
0	82	-28.670246
0	83	2.437251
0	84	-5.462452
0	85	6.781443
0	86	-5.118294
0	87	-9.411965
0	88	6.781443
0	89	-5.416339
0	90	-27.287849
0	91	0.000000
0	92	-7.285982
0	93	6.781443
0	94	-12.027228
0	95	6.781443
0	96	-25.403964
0	97	-7.429749
0	98	-19.726879
0	99	-30.516494
0	100	-0.206495
0	101	-20.635931
0	102	-3.800321
0	103	0.635760
0	104	1.960854
0	105	-14.224416
0	106	-19.726879
0	107	-9.411965
0	108	-10.172165
0	109	-17.511720
0	110	-20.768169
0	111	-23.876105
0	112	-0.423840
0	113	-2.772254
1	0	-28.952015
1	1	-1.396299
1	2	-24.394207
1	3	17.670406
1	4	-19.728574
1	5	-25.882395
1	6	-24.523393
1	7	-1.802508
1	8	-0.534378
1	9	-27.787641
1	10	2.437929
1	11	-25.748800
1	12	-22.633744
1	13	-11.654927
1	14	8.046860
1	15	-32.969342
1	16	-5.092525
1	17	0.422145
1	18	-28.823845
1	19	-12.056049
1	20	-28.258273
1	21	-28.193510
1	22	-4.157364
1	23	-26.496793
1	24	-22.716139
1	25	-19.496310
1	26	-20.038825
1	27	-1.174207
1	28	2.708847
1	29	4.820589
1	30	-12.056049
1	31	-21.195061
1	32	-36.688285
1	33	-0.262781
1	34	-31.035613
1	35	4.820589
1	36	-32.143023
1	37	-15.517976
1	38	-28.753318
1	39	6.681417
1	40	-15.531878
1	41	-25.542983
1	42	-28.495285
1	43	-29.847165
1	44	-16.175098
1	45	-24.596972
1	46	-19.393571
1	47	11.428088
1	48	1.589231
1	49	-25.542983
1	50	-6.955387
1	51	-17.250635
1	52	-27.787641
1	53	-26.382187
1	54	-27.805951
1	55	-0.463512
1	56	-27.787641
1	57	-31.329589
1	58	-13.668677
1	59	-28.371523
1	60	-23.517705
1	61	7.741356
1	62	-1.174207
1	63	-26.505948
1	64	-5.564513
1	65	-19.373226
1	66	-13.009859
1	67	-15.517976
1	68	-28.753318
1	69	-28.258273
1	70	-20.013395
1	71	-0.861243
1	72	-13.134977
1	73	-19.133502
1	74	5.962584
1	75	-8.998297
1	76	0.816486
1	77	8.005833
1	78	-28.823845
1	79	-0.463512
1	80	-8.223178
1	81	-28.453918
1	82	11.428088
1	83	8.046860
1	84	-13.009859
1	85	-41.484461
1	86	-18.911071
1	87	9.937188
1	88	-5.564513
1	89	-15.531878
1	90	0.149192
1	91	-19.790624
1	92	-24.394207
1	93	-41.022644
1	94	1.776060
1	95	-14.776425
1	96	-5.564513
1	97	8.005833
1	98	-15.244684
1	99	-27.694735
1	100	-16.175098
1	101	-2.228382
1	102	9.937188
1	103	8.080089
1	104	-27.204098
1	105	-14.776425
1	106	-34.705052
1	107	0.422145
1	108	-28.649562
1	109	-24.074801
1	110	-28.753318
1	111	-21.195061
1	112	-13.009859
1	113	-35.812122
1	114	-0.463512
1	115	-28.769255
1	116	-27.081354
1	117	-0.861243
1	118	-14.776425
1	119	4.052929
1	120	-3.012656
1	121	-29.721709
1	122	-27.857829
1	123	-24.596972
1	124	-28.103995
1	125	6.681417
1	126	-28.347449
1	127	-2.228382
1	128	-14.901204
1	129	6.352517
1	130	1.589231
1	131	-24.286382
1	132	-1.684850
1	133	-3.550424
1	134	-37.857745
1	135	-29.120534
1	136	-1.174207
1	137	-23.791337
1	138	-20.038825
1	139	-24.394207
1	140	-0.748671
1	141	-13.779214
1	142	-19.133502
1	143	-14.901204
1	144	-0.748671
1	145	-34.705052
1	146	-31.329589
1	147	-27.787641
1	148	-25.020473
1	149	-3.689105
1	150	-30.784700
1	151	-28.712291
1	152	-8.223178
1	153	-15.244684
1	154	-28.649562
1	155	-22.633744
1	156	2.708847
1	157	-23.730643
1	158	9.307531
1	159	-27.690327
1	160	-28.952015
1	161	-35.386587
1	162	17.670406
1	163	-28.418315
1	164	-16.582324
1	165	-4.157364
1	166	-17.937934
1	167	-32.969342
1	168	-26.058034
1	169	-27.857829
1	170	-20.013395
1	171	9.546576
1	172	-29.463675
1	173	-33.606797
1	174	-26.947759
1	175	-15.118888
1	176	7.404997
1	177	-30.832170
1	178	-26.947759
1	179	-33.848217
1	180	-19.790624
1	181	-20.038825
1	182	-13.779214
1	183	-4.454730
1	184	8.005833
1	185	-25.622665
1	186	7.404997
1	187	-29.847165
1	188	-22.487265
1	189	-28.712291
1	190	-41.022644
1	191	-29.120534
1	192	-27.857829
1	193	-26.137038
1	194	-3.439209
1	195	3.176089
1	196	-3.439209
1	197	-26.947759
1	198	-28.752301
1	199	-35.945378
1	200	-1.802508
1	201	-30.832170
1	202	-33.521351
J(w) : 0.000796
