total mean
0.864035	0.000000	0.778917	0.521102	0.759651	0.548693	0.764693	0.546456	0.717613	0.570321	0.719947	0.577577	0.695370	0.535313	0.656729	0.536918	0.673576	0.466157	0.656924	0.497213	0.649526	0.526696	0.654721	0.486173	0.671751	0.443482	0.762406	0.457554	0.644966	0.499638	0.666276	0.489425	0.657676	0.528554
mean of class
0.728070	0.000000	0.639618	0.503119	0.614534	0.501793	0.661166	0.486982	0.610490	0.525273	0.648259	0.547053	0.638717	0.479517	0.579610	0.500467	0.621188	0.409630	0.595618	0.494261	0.576344	0.553912	0.572902	0.485797	0.593625	0.406711	0.763555	0.426920	0.538892	0.507638	0.585432	0.472860	0.587367	0.542504
1.000000	0.000000	0.918215	0.539084	0.904768	0.595594	0.868220	0.605929	0.824736	0.615368	0.791635	0.608101	0.752023	0.591108	0.733848	0.573370	0.725964	0.522684	0.718229	0.500165	0.722709	0.499479	0.736539	0.486549	0.749877	0.480253	0.761256	0.488188	0.751041	0.491639	0.747119	0.505990	0.727986	0.514604
SW
22.570175	0.000000	0.828171	-3.403302	-0.449439	4.055582	-1.503861	-2.903544	0.925201	-3.029043	-0.403978	-1.541368	1.800217	1.458717	-0.532101	-1.016933	1.944319	3.823525	3.464171	-0.677896	1.741660	-1.828719	0.759954	-4.940282	-5.597639	7.608026	-2.329787	-2.265475	2.705655	-4.091331	1.148406	1.158649	1.208367	0.817609
0.000000	0.000000	0.000000	0.000000	0.000000	0.000000	0.000000	0.000000	0.000000	0.000000	0.000000	0.000000	0.000000	0.000000	0.000000	0.000000	0.000000	0.000000	0.000000	0.000000	0.000000	0.000000	0.000000	0.000000	0.000000	0.000000	0.000000	0.000000	0.000000	0.000000	0.000000	0.000000	0.000000	0.000000
0.828171	0.000000	14.195716	3.340789	6.098541	-1.728105	4.014301	-2.977672	6.357707	-1.520020	5.760382	-0.524583	4.877804	1.224982	2.721004	1.513744	5.195739	2.094533	4.116607	4.020782	-0.020895	4.917640	3.820045	-1.363641	2.764286	-0.154791	2.127038	2.110156	3.206876	4.031537	0.403113	-0.838923	2.865962	1.620036
-3.403302	0.000000	3.340789	16.109038	-1.110288	-4.211716	-2.293018	5.659589	-6.011084	5.066791	-2.351908	5.634579	-4.752644	1.944096	-6.808694	5.268428	-4.748874	-0.910751	-7.002087	3.037856	-8.939595	0.123742	-3.408660	1.611515	-2.476898	-5.381050	0.199546	2.749077	-1.300141	5.712327	-4.934948	0.176290	-3.935666	1.192379
-0.449439	0.000000	6.098541	-1.110288	16.196201	-0.877115	5.297559	-4.952490	8.349176	-2.907945	7.616016	0.433872	9.349381	2.146825	7.397774	0.526638	5.908277	-0.435109	4.546322	1.853226	2.862735	5.407497	6.970098	2.433095	3.250489	0.416224	5.052123	4.472244	1.628164	1.348873	4.021836	0.913046	2.718020	1.170125
4.055582	0.000000	-1.728105	-4.211716	-0.877115	16.043322	-0.590965	1.325577	-3.688365	-0.395543	-6.496143	1.353867	-7.183201	3.348311	-8.765348	-0.832818	-7.409103	0.678954	-2.475543	-1.954431	-0.768085	-2.487687	-3.619399	-5.308342	-4.032453	1.626642	-3.498343	-3.404365	-0.766783	-4.008425	0.890021	3.454302	0.526573	2.575709
-1.503861	0.000000	4.014301	-2.293018	5.297559	-0.590965	13.023809	-3.305519	5.764637	-4.311679	6.966170	-1.489788	11.545761	-1.538567	10.852682	-0.261587	6.499176	0.904797	7.385697	4.803989	9.729065	4.735563	4.164611	1.294725	3.021693	2.113970	2.743445	1.964716	2.679424	0.561605	2.725845	-0.430157	5.938810	1.451122
-2.903544	0.000000	-2.977672	5.659589	-4.952490	1.325577	-3.305519	19.433306	-9.276564	6.908041	-9.485344	7.197870	-10.479771	4.622039	-9.007851	7.311483	-12.603392	-0.312638	-11.292281	1.607002	-7.989113	-4.818197	-7.829725	1.150710	-3.574173	-2.137273	-5.348656	-0.009222	-6.013571	2.477212	-5.059060	2.181114	-5.027645	5.268105
0.925201	0.000000	6.357707	-6.011084	8.349176	-3.688365	5.764637	-9.276564	18.768762	-5.396847	13.383234	-4.519917	13.009677	-0.769863	15.696435	-1.264244	14.779726	3.088768	13.495961	1.906221	9.021152	7.102438	6.267004	3.830678	6.741200	3.517636	3.064269	3.510415	4.825230	0.034333	4.166170	-1.765795	4.359514	-0.691801
-3.029043	0.000000	-1.520020	5.066791	-2.907945	-0.395543	-4.311679	6.908041	-5.396847	18.481647	-8.082612	6.567968	-9.730723	5.402381	-9.400072	6.336041	-9.382348	-0.477059	-14.385613	-0.537898	-12.356763	0.280110	-9.272106	2.409199	-6.115311	-2.178709	-4.560674	1.787401	-4.026769	1.269426	-6.204760	-1.640032	-6.931173	2.407863
-0.403978	0.000000	5.760382	-2.351908	7.616016	-6.496143	6.966170	-9.485344	13.383234	-8.082612	23.716443	-4.597484	15.707056	-4.575264	17.974814	0.752354	20.369472	1.343931	13.418057	3.564886	12.111275	9.139254	13.231734	3.528776	8.519709	3.096176	6.302094	5.640750	8.868825	3.131269	5.212153	-0.235175	5.652285	-1.699012
-1.541368	0.000000	-0.524583	5.634579	0.433872	1.353867	-1.489788	7.197870	-4.519917	6.567968	-4.597484	18.113299	-4.866155	6.899086	-5.317836	5.757182	-7.423902	-0.451555	-11.233573	3.111644	-8.006701	-0.770576	-8.882404	4.752034	-8.154025	0.106638	-3.010449	0.956191	-7.534805	4.109529	-7.387482	-0.422460	-5.514483	0.256937
1.800217	0.000000	4.877804	-4.752644	9.349381	-7.183201	11.545761	-10.479771	13.009677	-9.730723	15.707056	-4.866155	28.512019	-2.443428	25.446326	-3.557469	19.926130	0.384899	15.917478	8.033742	17.717133	7.779749	12.816116	3.390912	7.797031	6.063115	9.515157	4.397457	5.288702	2.732970	4.127838	-1.196650	9.229384	0.334251
1.458717	0.000000	1.224982	1.944096	2.146825	3.348311	-1.538567	4.622039	-0.769863	5.402381	-4.575264	6.899086	-2.443428	16.562063	-4.969652	1.844909	-5.936396	6.160609	-7.989532	6.839902	-7.565115	3.084638	-9.350916	2.162824	-4.673370	0.112483	-5.065184	1.029109	-5.854714	1.585585	-6.417648	1.002921	-4.418741	3.616993
-0.532101	0.000000	2.721004	-6.808694	7.397774	-8.765348	10.852682	-9.007851	15.696435	-9.400072	17.974814	-5.317836	25.446326	-4.969652	32.211515	-2.452624	20.891567	1.758204	18.597419	6.606347	19.713567	7.624385	13.800149	6.932191	10.927407	6.624073	10.167443	3.836375	8.204216	3.934169	6.609819	-1.066530	9.274312	-0.561258
-1.016933	0.000000	1.513744	5.268428	0.526638	-0.832818	-0.261587	7.311483	-1.264244	6.336041	0.752354	5.757182	-3.557469	1.844909	-2.452624	16.022489	-3.757531	4.861319	-7.207228	6.715360	-7.438942	6.463116	-4.546383	4.503347	-5.349841	3.880533	-4.615436	4.573761	-4.526136	3.727630	-4.762267	2.193932	-4.051307	3.074501
1.944319	0.000000	5.195739	-4.748874	5.908277	-7.409103	6.499176	-12.603392	14.779726	-9.382348	20.369472	-7.423902	19.926130	-5.936396	20.891567	-3.757531	29.729417	-1.541828	17.052238	2.909451	16.133015	7.281682	15.042840	0.181532	12.521416	2.561338	9.933106	4.374367	10.488868	1.987807	6.961180	-0.664388	7.354982	0.110325
3.823525	0.000000	2.094533	-0.910751	-0.435109	0.678954	0.904797	-0.312638	3.088768	-0.477059	1.343931	-0.451555	0.384899	6.160609	1.758204	4.861319	-1.541828	18.806117	-0.166250	9.234456	-2.859928	9.528230	-5.252858	5.686243	-4.763428	9.867426	-4.952245	6.349262	-3.364580	1.847664	-4.353129	5.767136	-1.835693	1.317439
3.464171	0.000000	4.116607	-7.002087	4.546322	-2.475543	7.385697	-11.292281	13.495961	-14.385613	13.418057	-11.233573	15.917478	-7.989532	18.597419	-7.207228	17.052238	-0.166250	30.081933	0.699533	19.163911	2.588468	15.118075	1.294823	12.811566	4.461633	8.447962	3.556723	11.895233	3.003824	11.260537	2.653676	10.596122	0.009363
-0.677896	0.000000	4.020782	3.037856	1.853226	-1.954431	4.803989	1.607002	1.906221	-0.537898	3.564886	3.111644	8.033742	6.839902	6.606347	6.715360	2.909451	9.234456	0.699533	21.367150	-0.614823	11.233861	-3.796754	4.880086	-5.128123	7.909504	-2.874645	4.614042	-6.791027	8.085753	-9.106570	2.167879	-1.482873	3.166264
1.741660	0.000000	-0.020895	-8.939595	2.862735	-0.768085	9.729065	-7.989113	9.021152	-12.356763	12.111275	-8.006701	17.717133	-7.565115	19.713567	-7.438942	16.133015	-2.859928	19.163911	-0.614823	26.639169	-0.666391	16.223041	-1.284693	10.588928	3.963897	9.529182	-1.727528	11.281128	1.421477	12.029628	1.709107	13.552496	0.944897
-1.828719	0.000000	4.917640	0.123742	5.407497	-2.487687	4.735563	-4.818197	7.102438	0.280110	9.139254	-0.770576	7.779749	3.084638	7.624385	6.463116	7.281682	9.528230	2.588468	11.233861	-0.666391	20.972821	2.765911	8.065028	-0.296377	8.410384	-0.801159	10.268215	-1.061882	5.925293	-3.187800	5.234398	-2.046159	4.986398
0.759954	0.000000	3.820045	-3.408660	6.970098	-3.619399	4.164611	-7.829725	6.267004	-9.272106	13.231734	-8.882404	12.816116	-9.350916	13.800149	-4.546383	15.042840	-5.252858	15.118075	-3.796754	16.223041	2.765911	26.982032	-3.830682	12.288984	0.725421	13.734488	2.797861	14.455815	3.906274	11.105766	3.996886	10.576640	3.285103
-4.940282	0.000000	-1.363641	1.611515	2.433095	-5.308342	1.294725	1.150710	3.830678	2.409199	3.528776	4.752034	3.390912	2.162824	6.932191	4.503347	0.181532	5.686243	1.294823	4.880086	-1.284693	8.065028	-3.830682	22.814818	-1.653645	8.779809	-0.903724	10.428293	-5.629620	7.839826	-5.045852	2.949776	-6.563084	2.087694
-5.597639	0.000000	2.764286	-2.476898	3.250489	-4.032453	3.021693	-3.574173	6.741200	-6.115311	8.519709	-8.154025	7.797031	-4.673370	10.927407	-5.349841	12.521416	-4.763428	12.811566	-5.128123	10.588928	-0.296377	12.288984	-1.653645	24.694486	-3.131023	11.279436	3.524057	14.625641	-0.488018	12.751922	0.772192	9.555212	4.297307
7.608026	0.000000	-0.154791	-5.381050	0.416224	1.626642	2.113970	-2.137273	3.517636	-2.178709	3.096176	0.106638	6.063115	0.112483	6.624073	3.880533	2.561338	9.867426	4.461633	7.909504	3.963897	8.410384	0.725421	8.779809	-3.131023	20.438185	-0.920169	9.530493	-1.905767	4.626162	-3.885365	5.739375	-1.147119	4.304596
-2.329787	0.000000	2.127038	0.199546	5.052123	-3.498343	2.743445	-5.348656	3.064269	-4.560674	6.302094	-3.010449	9.515157	-5.065184	10.167443	-4.615436	9.933106	-4.952245	8.447962	-2.874645	9.529182	-0.801159	13.734488	-0.903724	11.279436	-0.920169	22.401397	1.448706	12.449901	3.252371	9.515595	3.919544	11.371145	1.738474
-2.265475	0.000000	2.110156	2.749077	4.472244	-3.404365	1.964716	-0.009222	3.510415	1.787401	5.640750	0.956191	4.397457	1.029109	3.836375	4.573761	4.374367	6.349262	3.556723	4.614042	-1.727528	10.268215	2.797861	10.428293	3.524057	9.530493	1.448706	24.754856	-1.927162	7.627592	-4.159266	10.715726	-4.863130	7.604174
2.705655	0.000000	3.206876	-1.300141	1.628164	-0.766783	2.679424	-6.013571	4.825230	-4.026769	8.868825	-7.534805	5.288702	-5.854714	8.204216	-4.526136	10.488868	-3.364580	11.895233	-6.791027	11.281128	-1.061882	14.455815	-5.629620	14.625641	-1.905767	12.449901	-1.927162	25.226249	-0.984804	14.232507	0.118029	13.335986	2.403717
-4.091331	0.000000	4.031537	5.712327	1.348873	-4.008425	0.561605	2.477212	0.034333	1.269426	3.131269	4.109529	2.732970	1.585585	3.934169	3.727630	1.987807	1.847664	3.003824	8.085753	1.421477	5.925293	3.906274	7.839826	-0.488018	4.626162	3.252371	7.627592	-0.984804	20.170744	-4.633326	5.973408	-3.271616	7.113578
1.148406	0.000000	0.403113	-4.934948	4.021836	0.890021	2.725845	-5.059060	4.166170	-6.204760	5.212153	-7.387482	4.127838	-6.417648	6.609819	-4.762267	6.961180	-4.353129	11.260537	-9.106570	12.029628	-3.187800	11.105766	-5.045852	12.751922	-3.885365	9.515595	-4.159266	14.232507	-4.633326	22.223679	0.764659	13.332844	1.044069
1.158649	0.000000	-0.838923	0.176290	0.913046	3.454302	-0.430157	2.181114	-1.765795	-1.640032	-0.235175	-0.422460	-1.196650	1.002921	-1.066530	2.193932	-0.664388	5.767136	2.653676	2.167879	1.709107	5.234398	3.996886	2.949776	0.772192	5.739375	3.919544	10.715726	0.118029	5.973408	0.764659	19.744894	-0.694663	9.201947
1.208367	0.000000	2.865962	-3.935666	2.718020	0.526573	5.938810	-5.027645	4.359514	-6.931173	5.652285	-5.514483	9.229384	-4.418741	9.274312	-4.051307	7.354982	-1.835693	10.596122	-1.482873	13.552496	-2.046159	10.576640	-6.563084	9.555212	-1.147119	11.371145	-4.863130	13.335986	-3.271616	13.332844	-0.694663	18.512170	-0.726720
0.817609	0.000000	1.620036	1.192379	1.170125	2.575709	1.451122	5.268105	-0.691801	2.407863	-1.699012	0.256937	0.334251	3.616993	-0.561258	3.074501	0.110325	1.317439	0.009363	3.166264	0.944897	4.986398	3.285103	2.087694	4.297307	4.304596	1.738474	7.604174	2.403717	7.113578	1.044069	9.201947	-0.726720	16.337381
SB
0.073946	0.530086	0.036155	0.035716	0.031222	0.017550	0.019642	0.014919	0.009344	0.012702	0.004040	0.014393	0.000574	0.018759	0.000033	0.023932	0.000004	0.042184	0.000097	0.051941	0.000029	0.052254	0.000072	0.058333	0.000476	0.061413	0.001101	0.057543	0.000528	0.055900	0.000363	0.049320	0.000000	0.045568
0.530086	0.000000	0.843119	0.290611	0.818606	0.354732	0.753805	0.367149	0.680189	0.378678	0.626686	0.369787	0.565538	0.349409	0.538533	0.328753	0.527023	0.273198	0.515853	0.250165	0.522308	0.249480	0.542490	0.236730	0.562315	0.230643	0.579511	0.238328	0.564062	0.241709	0.558187	0.256026	0.529964	0.264818
0.036155	0.843119	0.077616	0.010107	0.070305	0.001938	0.052259	0.001135	0.034269	0.000588	0.023109	0.000993	0.012635	0.002353	0.008879	0.004389	0.007455	0.013674	0.006180	0.019447	0.006904	0.019639	0.009394	0.023430	0.012157	0.025397	0.014796	0.022931	0.012415	0.021898	0.011556	0.017857	0.007809	0.015628
0.035716	0.290611	0.010107	0.001293	0.161322	0.008551	0.133298	0.010570	0.103437	0.012600	0.083241	0.011021	0.061953	0.007742	0.053236	0.004935	0.049660	0.000383	0.046272	0.000009	0.048220	0.000013	0.054485	0.000275	0.060889	0.000523	0.066635	0.000223	0.061465	0.000132	0.059536	0.000008	0.050565	0.000132
0.031222	0.818606	0.070305	0.161322	0.084236	0.000359	0.064356	0.000074	0.044185	0.000001	0.031365	0.000041	0.018903	0.000549	0.014236	0.001694	0.012416	0.008437	0.010753	0.013080	0.011702	0.013238	0.014885	0.016380	0.018318	0.018032	0.021527	0.015963	0.018634	0.015103	0.017579	0.011782	0.012871	0.009986
0.017550	0.354732	0.001938	0.008551	0.000359	0.008799	0.134269	0.010844	0.104292	0.012899	0.084008	0.011301	0.062615	0.007977	0.053850	0.005123	0.050252	0.000436	0.046845	0.000003	0.048804	0.000005	0.055106	0.000232	0.061546	0.000464	0.067321	0.000185	0.062125	0.000103	0.060185	0.000018	0.051163	0.000164
0.019642	0.753805	0.052259	0.133298	0.064356	0.134269	0.042871	0.003051	0.026755	0.002097	0.017022	0.002816	0.008255	0.004908	0.005283	0.007708	0.004199	0.019177	0.003256	0.025921	0.003788	0.026143	0.005681	0.030491	0.007870	0.032730	0.010018	0.029921	0.008078	0.028739	0.007388	0.024079	0.004465	0.021480
0.014919	0.367149	0.001135	0.010570	0.000074	0.010844	0.003051	0.014148	0.114077	0.016483	0.092813	0.014670	0.070246	0.010842	0.060943	0.007463	0.057112	0.001275	0.053475	0.000174	0.055567	0.000156	0.062279	0.000000	0.069113	0.000045	0.075226	0.000001	0.069727	0.000022	0.067671	0.000361	0.058083	0.000763
0.009344	0.680189	0.034269	0.103437	0.044185	0.104292	0.026755	0.114077	0.045901	0.000024	0.032813	0.000006	0.020031	0.000376	0.015217	0.001378	0.013334	0.007710	0.011608	0.012172	0.012593	0.012323	0.015888	0.015362	0.019429	0.016962	0.022730	0.014958	0.019754	0.014126	0.018667	0.010920	0.013805	0.009194
0.012702	0.378678	0.000588	0.012600	0.000001	0.012899	0.002097	0.016483	0.000024	0.008117	0.070949	0.006861	0.051415	0.004334	0.043504	0.002313	0.040277	0.000007	0.037232	0.000630	0.038981	0.000665	0.044634	0.001500	0.050447	0.002027	0.055688	0.001375	0.050971	0.001131	0.049216	0.000372	0.041093	0.000114
0.004040	0.626686	0.023109	0.083241	0.031365	0.084008	0.017022	0.092813	0.032813	0.070949	0.020557	0.001613	0.010767	0.003266	0.007326	0.005608	0.006038	0.015769	0.004896	0.021932	0.005543	0.022135	0.007793	0.026150	0.010326	0.028226	0.012768	0.025623	0.010564	0.024530	0.009773	0.020240	0.006356	0.017863
0.014393	0.369787	0.000993	0.011021	0.000041	0.011301	0.002816	0.014670	0.000006	0.006861	0.001613	0.003727	0.042013	0.001941	0.034893	0.000693	0.032009	0.000594	0.029301	0.002198	0.030855	0.002263	0.035905	0.003661	0.041138	0.004462	0.045883	0.003465	0.041611	0.003071	0.040027	0.001686	0.032737	0.001053
0.000574	0.565538	0.012635	0.061953	0.018903	0.062615	0.008255	0.070246	0.020031	0.051415	0.010767	0.042013	0.012838	0.002267	0.009050	0.004270	0.007612	0.013464	0.006322	0.019197	0.007055	0.019387	0.009569	0.023155	0.012357	0.025111	0.015016	0.022659	0.012617	0.021632	0.011751	0.017616	0.007969	0.015404
0.018759	0.349409	0.002353	0.007742	0.000549	0.007977	0.004908	0.010842	0.000376	0.004334	0.003266	0.001941	0.002267	0.012453	0.064685	0.008808	0.060736	0.001863	0.056984	0.000426	0.059142	0.000399	0.066061	0.000049	0.073095	0.000001	0.079377	0.000075	0.073725	0.000147	0.071611	0.000701	0.061737	0.001231
0.000033	0.538533	0.008879	0.053236	0.014236	0.053850	0.005283	0.060943	0.015217	0.043504	0.007326	0.034893	0.009050	0.064685	0.023790	0.000039	0.021419	0.003241	0.019215	0.006311	0.020477	0.006421	0.024627	0.008660	0.028991	0.009872	0.032995	0.008358	0.029389	0.007739	0.028059	0.005420	0.022016	0.004226
0.023932	0.328753	0.004389	0.004935	0.001694	0.005123	0.007708	0.007463	0.001378	0.002313	0.005608	0.000693	0.004270	0.008808	0.000039	0.005315	0.050849	0.000494	0.047420	0.000000	0.049392	0.000001	0.055730	0.000194	0.062205	0.000409	0.068011	0.000151	0.062787	0.000078	0.060837	0.000031	0.051765	0.000200
0.000004	0.527023	0.007455	0.049660	0.012416	0.050252	0.004199	0.057112	0.013334	0.040277	0.006038	0.032009	0.007612	0.060736	0.021419	0.050849	0.010978	0.009703	0.009417	0.014646	0.010307	0.014813	0.013306	0.018128	0.016561	0.019863	0.019619	0.017689	0.016862	0.016783	0.015859	0.013270	0.011406	0.011360
0.042184	0.273198	0.013674	0.000383	0.008437	0.000436	0.019177	0.001275	0.007710	0.000007	0.015769	0.000594	0.013464	0.001863	0.003241	0.000494	0.009703	0.012781	0.095233	0.008197	0.098018	0.008073	0.106870	0.005917	0.115768	0.004988	0.123641	0.006171	0.116562	0.006725	0.113899	0.009285	0.101351	0.011020
0.000097	0.515853	0.006180	0.046272	0.010753	0.046845	0.003256	0.053475	0.011608	0.037232	0.004896	0.029301	0.006322	0.056984	0.019215	0.047420	0.009417	0.095233	0.015033	0.009111	0.016152	0.009243	0.019859	0.011896	0.023796	0.013309	0.027436	0.011541	0.024156	0.010812	0.022952	0.008033	0.017521	0.006563
0.051941	0.250165	0.019447	0.000009	0.013080	0.000003	0.025921	0.000174	0.012172	0.000630	0.021932	0.002198	0.019197	0.000426	0.006311	0.000000	0.014646	0.008197	0.009111	0.000035	0.052188	0.000027	0.058699	0.000059	0.065339	0.000196	0.071286	0.000037	0.065936	0.000007	0.063937	0.000138	0.054627	0.000414
0.000029	0.522308	0.006904	0.048220	0.011702	0.048804	0.003788	0.055567	0.012593	0.038981	0.005543	0.030855	0.007055	0.059142	0.020477	0.049392	0.010307	0.098018	0.016152	0.052188	0.021423	0.005908	0.025663	0.008063	0.030114	0.009234	0.034193	0.007771	0.030519	0.007175	0.029164	0.004950	0.022995	0.003812
0.052254	0.249480	0.019639	0.000013	0.013238	0.000005	0.026143	0.000156	0.012323	0.000665	0.022135	0.002263	0.019387	0.000399	0.006421	0.000001	0.014813	0.008073	0.009243	0.000027	0.005908	0.002963	0.033353	0.004538	0.038402	0.005426	0.042991	0.004320	0.038860	0.003878	0.037329	0.002297	0.030302	0.001545
0.000072	0.542490	0.009394	0.054485	0.014885	0.055106	0.005681	0.062279	0.015888	0.044634	0.007793	0.035905	0.009569	0.066061	0.024627	0.055730	0.013306	0.106870	0.019859	0.058699	0.025663	0.033353	0.026777	0.007457	0.031320	0.008584	0.035477	0.007176	0.031734	0.006604	0.030352	0.004477	0.024051	0.003399
0.058333	0.236730	0.023430	0.000275	0.016380	0.000232	0.030491	0.000000	0.015362	0.001500	0.026150	0.003661	0.023155	0.000049	0.008660	0.000194	0.018128	0.005917	0.011896	0.000059	0.008063	0.004538	0.007457	0.000001	0.069738	0.000031	0.075878	0.000006	0.070354	0.000034	0.068289	0.000408	0.058655	0.000830
0.000476	0.562315	0.012157	0.060889	0.018318	0.061546	0.007870	0.069113	0.019429	0.050447	0.010326	0.041138	0.012357	0.073095	0.028991	0.062205	0.016561	0.115768	0.023796	0.065339	0.030114	0.038402	0.031320	0.069738	0.024415	0.012853	0.028100	0.011117	0.024780	0.010401	0.023561	0.007680	0.018053	0.006244
0.061413	0.230643	0.025397	0.000523	0.018032	0.000464	0.032730	0.000045	0.016962	0.002027	0.028226	0.004462	0.025111	0.000001	0.009872	0.000409	0.019863	0.004988	0.013309	0.000196	0.009234	0.005426	0.008584	0.000031	0.012853	0.005408	0.125703	0.006639	0.118563	0.007213	0.115878	0.009856	0.103218	0.011641
0.001101	0.579511	0.014796	0.066635	0.021527	0.067321	0.010018	0.075226	0.022730	0.055688	0.012768	0.045883	0.015016	0.079377	0.032995	0.068011	0.019619	0.123641	0.027436	0.071286	0.034193	0.042991	0.035477	0.075878	0.028100	0.125703	0.000005	0.075827	0.000157	0.073938	0.000270	0.066340	0.001265	0.061977
0.057543	0.238328	0.022931	0.000223	0.015963	0.000185	0.029921	0.000001	0.014958	0.001375	0.025623	0.003465	0.022659	0.000075	0.008358	0.000151	0.017689	0.006171	0.011541	0.000037	0.007771	0.004320	0.007176	0.000006	0.011117	0.006639	0.075827	0.003754	0.105054	0.004189	0.102527	0.006252	0.090641	0.007689
0.000528	0.564062	0.012415	0.061465	0.018634	0.062125	0.008078	0.069727	0.019754	0.050971	0.010564	0.041611	0.012617	0.073725	0.029389	0.062787	0.016862	0.116562	0.024156	0.065936	0.030519	0.038860	0.031734	0.070354	0.024780	0.118563	0.000157	0.105054	0.045007	0.002233	0.043359	0.001083	0.035757	0.000590
0.055900	0.241709	0.021898	0.000132	0.015103	0.000103	0.028739	0.000022	0.014126	0.001131	0.024530	0.003071	0.021632	0.000147	0.007739	0.000078	0.016783	0.006725	0.010812	0.000007	0.007175	0.003878	0.006604	0.000034	0.010401	0.007213	0.073938	0.004189	0.002233	0.000256	0.057351	0.000003	0.048553	0.000049
0.000363	0.558187	0.011556	0.059536	0.017579	0.060185	0.007388	0.067671	0.018667	0.049216	0.009773	0.040027	0.011751	0.071611	0.028059	0.060837	0.015859	0.113899	0.022952	0.063937	0.029164	0.037329	0.030352	0.068289	0.023561	0.115878	0.000270	0.102527	0.043359	0.057351	0.026143	0.006311	0.020322	0.005017
0.049320	0.256026	0.017857	0.000008	0.011782	0.000018	0.024079	0.000361	0.010920	0.000372	0.020240	0.001686	0.017616	0.000701	0.005420	0.000031	0.013270	0.009285	0.008033	0.000138	0.004950	0.002297	0.004477	0.000408	0.007680	0.009856	0.066340	0.006252	0.001083	0.000003	0.006311	0.001098	0.065090	0.001743
0.000000	0.529964	0.007809	0.050565	0.012871	0.051163	0.004465	0.058083	0.013805	0.041093	0.006356	0.032737	0.007969	0.061737	0.022016	0.051765	0.011406	0.101351	0.017521	0.054627	0.022995	0.030302	0.024051	0.058655	0.018053	0.103218	0.001265	0.090641	0.035757	0.048553	0.020322	0.065090	0.019774	0.005294
0.045568	0.264818	0.015628	0.000132	0.009986	0.000164	0.021480	0.000763	0.009194	0.000114	0.017863	0.001053	0.015404	0.001231	0.004226	0.000200	0.011360	0.011020	0.006563	0.000414	0.003812	0.001545	0.003399	0.000830	0.006244	0.011641	0.061977	0.007689	0.000590	0.000049	0.005017	0.001743	0.005294	0.000778

wegight[fold=5]
-3.652448	3.652448	-3.652448	3.652448	-3.652448	3.652448	-3.652448	3.652448	-3.652448	3.652448	-3.652448	3.652448	-3.652448	3.652448	-3.652448	3.652448	-3.652448	3.652448	-3.652448	3.652448	-3.652448	3.652448	-3.652448	3.652448	-3.652448	3.652448	-3.652448	3.652448	-3.652448	3.652448	-3.652448	3.652448	-3.652448	3.652448
[y from w and x]
0	0	-20.629755
0	1	-25.719075
0	2	-4.093663
0	3	-9.701631
0	4	-22.228796
0	5	-6.217562
0	6	1.696927
0	7	3.652448
0	8	-0.222434
0	9	-10.957343
0	10	-30.883271
0	11	-7.304895
0	12	-12.173973
0	13	-23.869111
0	14	7.304895
0	15	-2.813846
0	16	7.304895
0	17	-16.586495
0	18	7.304895
0	19	-9.880601
0	20	-9.334195
0	21	1.436508
0	22	-34.087563
0	23	-20.629755
0	24	-2.813846
0	25	14.254042
0	26	-21.952306
0	27	-25.719075
0	28	-4.224421
0	29	-2.812750
0	30	-9.880601
0	31	-1.826224
0	32	1.436508
0	33	1.696927
0	34	-17.037572
0	35	-2.812750
0	36	-4.868713
0	37	-9.701631
0	38	-24.248235
0	39	7.304895
0	40	-32.872029
0	41	-12.758365
0	42	-12.266015
0	43	-21.505246
0	44	4.514060
0	45	-29.394168
0	46	-4.138954
0	47	7.600013
0	48	-7.304895
0	49	-5.338052
0	50	-4.868713
0	51	-18.262238
0	52	-6.209161
0	53	-6.209161
0	54	-4.038877
0	55	-26.614290
0	56	-33.499884
0	57	-25.567133
0	58	2.503753
0	59	-4.010022
0	60	-5.884093
0	61	-10.957343
0	62	3.652448
0	63	-15.322383
0	64	-25.412270
0	65	-5.834420
0	66	3.652448
0	67	-2.511058
0	68	-4.224421
0	69	-19.754628
0	70	-10.957343
0	71	-2.812750
0	72	-5.022481
0	73	-16.586495
0	74	-21.249575
0	75	-2.168458
0	76	-12.955597
0	77	-9.701631
0	78	-24.248235
0	79	-9.334195
0	80	-10.957343
0	81	-20.206071
0	82	-30.883271
0	83	2.625379
0	84	-5.884093
0	85	7.304895
0	86	-5.513370
0	87	-10.138464
0	88	7.304895
0	89	-5.834420
0	90	-29.394168
0	91	0.000000
0	92	-7.848379
0	93	7.304895
0	94	-12.955597
0	95	7.304895
0	96	-27.364868
0	97	-8.003243
0	98	-21.249575
0	99	-32.872029
0	100	-0.222434
0	101	-22.228796
0	102	-4.093663
0	103	0.684834
0	104	2.112210
0	105	-15.322383
0	106	-21.249575
0	107	-10.138464
0	108	-10.957343
0	109	-18.863431
0	110	-22.371242
0	111	-25.719075
0	112	-0.456556
0	113	-2.986241
1	0	-31.186789
1	1	-1.504078
1	2	-26.277169
1	3	19.034366
1	4	-21.251401
1	5	-27.880229
1	6	-26.416328
1	7	-1.941641
1	8	-0.575626
1	9	-29.932539
1	10	2.626110
1	11	-27.736322
1	12	-24.380818
1	13	-12.554558
1	14	8.667989
1	15	-35.514209
1	16	-5.485611
1	17	0.454730
1	18	-31.048727
1	19	-12.986643
1	20	-30.439499
1	21	-30.369737
1	22	-4.478266
1	23	-28.542052
1	24	-24.469573
1	25	-21.001209
1	26	-21.585600
1	27	-1.264843
1	28	2.917940
1	29	5.192685
1	30	-12.986643
1	31	-22.831085
1	32	-39.520214
1	33	-0.283065
1	34	-33.431218
1	35	5.192685
1	36	-34.624108
1	37	-16.715792
1	38	-30.972756
1	39	7.197148
1	40	-16.730767
1	41	-27.514619
1	42	-30.694805
1	43	-32.151036
1	44	-32.400863
1	45	-29.827714
1	46	-29.952262
1	47	-36.460924
1	48	-33.861477
1	49	-17.862295
1	50	-0.581835
1	51	-0.806460
1	52	-28.154527
1	53	-28.154527
1	54	8.338903
1	55	-27.453988
1	56	-22.026451
1	57	-10.981814
1	58	-0.806460
1	59	-42.796825
1	60	4.365771
1	61	-5.485611
1	62	3.137087
1	63	-33.431218
1	64	-28.542052
1	65	-28.090610
1	66	-17.423636
1	67	-26.495586
1	68	-20.890540
1	69	12.310210
1	70	1.711902
1	71	-27.514619
1	72	-7.492266
1	73	-18.582193
1	74	-29.932539
1	75	-28.418599
1	76	-29.952262
1	77	-0.499290
1	78	-29.932539
1	79	-33.747886
1	80	-14.723747
1	81	-30.561490
1	82	-25.333012
1	83	8.338903
1	84	-1.264843
1	85	-28.551914
1	86	-5.994032
1	87	-20.868625
1	88	-14.014076
1	89	-16.715792
1	90	-30.972756
1	91	-30.439499
1	92	-21.558207
1	93	-0.927722
1	94	-14.148852
1	95	-20.610397
1	96	6.422829
1	97	-9.692866
1	98	0.879509
1	99	8.623794
1	100	-31.048727
1	101	-0.499290
1	102	-8.857916
1	103	-30.650245
1	104	12.310210
1	105	8.667989
1	106	-14.014076
1	107	-44.686601
1	108	-20.370796
1	109	10.704228
1	110	-30.972756
1	111	-22.831085
1	112	-14.014076
1	113	-38.576421
1	114	-0.499290
1	115	-30.989922
1	116	-29.171734
1	117	-0.927722
1	118	-15.917002
1	119	4.365771
1	120	-3.245200
1	121	-32.015895
1	122	-30.008145
1	123	-26.495586
1	124	-30.273312
1	125	7.197148
1	126	-30.535558
1	127	-2.400389
1	128	-16.051412
1	129	6.842861
1	130	1.711902
1	131	-26.161021
1	132	-1.814901
1	133	-3.824478
1	134	-40.779943
1	135	-31.368316
1	136	-1.264843
1	137	-25.627764
1	138	-21.585600
1	139	-26.277169
1	140	-0.806460
1	141	-14.842817
1	142	-20.610397
1	143	-16.051412
1	144	-0.806460
1	145	-37.383897
1	146	-33.747886
1	147	-29.932539
1	148	-26.951776
1	149	-3.973863
1	150	-33.160937
1	151	-30.928561
1	152	-8.857916
1	153	-16.421405
1	154	-30.860991
1	155	-24.380818
1	156	2.917940
1	157	-25.562385
1	158	10.025969
1	159	-29.827714
1	160	-31.186789
1	161	-38.118039
1	162	19.034366
1	163	-30.611894
1	164	-17.862295
1	165	-4.478266
1	166	-19.322544
1	167	-35.514209
1	168	-28.069425
1	169	-30.008145
1	170	-21.558207
1	171	10.283466
1	172	-31.737944
1	173	-36.200870
1	174	-29.027828
1	175	-16.285899
1	176	7.976580
1	177	-33.212072
1	178	-29.027828
1	179	-36.460924
1	180	-21.318241
1	181	-21.585600
1	182	-14.842817
1	183	-4.798586
1	184	8.623794
1	185	-27.600451
1	186	7.976580
1	187	-32.151036
1	188	-24.223033
1	189	-30.928561
1	190	-44.189138
1	191	-31.368316
1	192	-30.008145
1	193	-28.154527
1	194	-3.704678
1	195	3.421248
1	196	-3.704678
1	197	-29.027828
1	198	-30.971660
1	199	-38.719963
1	200	-1.941641
1	201	-33.212072
1	202	-36.108828
J(w) : 0.000786
