total mean
0.648504	0.273005	0.186018	0.408917	0.408917	0.490065	0.215587	0.088802	0.716548	0.770582	0.042366	0.724391	0.359978	0.087583	0.013389
mean of class
0.649068	0.249129	0.145525	0.429593	0.429593	0.543260	0.219787	0.040022	0.897516	0.881988	0.009875	0.694099	0.359185	0.096158	0.002221
0.647940	0.296881	0.226511	0.388241	0.388241	0.436870	0.211387	0.137581	0.535581	0.659176	0.074857	0.754682	0.360770	0.079007	0.024557
SW
30.751088	-0.665512	0.551164	0.375830	0.375830	4.561077	0.820844	-1.477504	-0.736176	-0.372857	-0.034956	-4.126695	-0.827266	-0.602648	0.227208
-0.665512	19.547048	5.566919	-1.877168	-1.877168	4.492039	2.570988	5.857893	-3.483459	-1.542345	1.614303	0.464849	-0.556502	-0.736901	-0.031708
0.551164	5.566919	21.419330	-0.296522	-0.296522	3.247294	1.396544	4.642549	-2.433873	-2.417556	1.804031	-1.148511	0.163865	-1.518154	1.300912
0.375830	-1.877168	-0.296522	12.103230	12.103230	2.395088	1.455918	-0.222838	1.155263	2.824266	-0.314409	1.581164	0.683774	0.389188	1.045778
0.375830	-1.877168	-0.296522	12.103230	12.103230	2.395088	1.455918	-0.222838	1.155263	2.824266	-0.314409	1.581164	0.683774	0.389188	1.045778
4.561077	4.492039	3.247294	2.395088	2.395088	41.072668	8.835194	-0.632324	0.348669	2.755347	0.214652	-5.338654	-0.088034	-1.232072	1.385854
0.820844	2.570988	1.396544	1.455918	1.455918	8.835194	15.682391	0.304016	1.301094	-0.131889	0.150834	-0.779693	0.655156	-0.423762	1.308756
-1.477504	5.857893	4.642549	-0.222838	-0.222838	-0.632324	0.304016	8.426530	-1.365255	-1.414728	1.703003	1.817315	-0.158681	-0.572791	-0.049572
-0.736176	-3.483459	-2.433873	1.155263	1.155263	0.348669	1.301094	-1.365255	17.529997	3.843418	-0.721197	-1.764196	1.593339	-0.333094	0.797563
-0.372857	-1.542345	-2.417556	2.824266	2.824266	2.755347	-0.131889	-1.414728	3.843418	29.000547	-4.396086	1.551806	3.150041	0.287450	0.332029
-0.034956	1.614303	1.804031	-0.314409	-0.314409	0.214652	0.150834	1.703003	-0.721197	-4.396086	3.084625	-0.385862	-0.556707	-0.402713	-0.023432
-4.126695	0.464849	-1.148511	1.581164	1.581164	-5.338654	-0.779693	1.817315	-1.764196	1.551806	-0.385862	35.800437	0.681594	1.522092	-0.106586
-0.827266	-0.556502	0.163865	0.683774	0.683774	-0.088034	0.655156	-0.158681	1.593339	3.150041	-0.556707	0.681594	5.251430	0.197636	1.134866
-0.602648	-0.736901	-1.518154	0.389188	0.389188	-1.232072	-0.423762	-0.572791	-0.333094	0.287450	-0.402713	1.522092	0.197636	4.459095	0.313237
0.227208	-0.031708	1.300912	1.045778	1.045778	1.385854	1.308756	-0.049572	0.797563	0.332029	-0.023432	-0.106586	1.134866	0.313237	2.604117
SB
0.000001	0.124036	0.178555	0.068031	0.068031	0.045028	0.191565	0.261619	0.012879	0.000102	0.329719	0.011154	0.083116	0.324969	0.390014
0.124036	0.002280	0.000512	0.019352	0.019352	0.035247	0.001424	0.012443	0.082054	0.168138	0.030371	0.255583	0.012464	0.028941	0.050433
0.178555	0.000512	0.006559	0.058911	0.058911	0.084882	0.004338	0.000063	0.152143	0.263837	0.004994	0.371072	0.046331	0.004425	0.014633
0.068031	0.019352	0.058911	0.001710	0.001710	0.000053	0.047614	0.085271	0.011233	0.052709	0.125838	0.105683	0.004736	0.122910	0.164054
0.068031	0.019352	0.058911	0.001710	0.001710	0.000053	0.047614	0.085271	0.011233	0.052709	0.125838	0.105683	0.004736	0.122910	0.164054
0.045028	0.035247	0.084882	0.000053	0.000053	0.011319	0.110140	0.164575	0.000059	0.013436	0.219402	0.044699	0.033303	0.215531	0.269053
0.191565	0.001424	0.004338	0.047614	0.047614	0.110140	0.000071	0.006758	0.099726	0.193063	0.021005	0.286112	0.019876	0.019819	0.038115
0.261619	0.012443	0.000063	0.085271	0.085271	0.164575	0.006758	0.009518	0.245579	0.383352	0.001213	0.510739	0.102880	0.001520	0.000239
0.012879	0.082054	0.152143	0.011233	0.011233	0.000059	0.099726	0.245579	0.130997	0.056806	0.676768	0.020402	0.288095	0.669955	0.762056
0.000102	0.168138	0.263837	0.052709	0.052709	0.013436	0.193063	0.383352	0.056806	0.049645	0.651460	0.016207	0.271667	0.644777	0.735187
0.329719	0.030371	0.004994	0.125838	0.125838	0.219402	0.021005	0.001213	0.676768	0.651460	0.004223	0.554736	0.123127	0.004779	0.000216
0.011154	0.255583	0.371072	0.105683	0.105683	0.044699	0.286112	0.510739	0.020402	0.016207	0.554736	0.003670	0.111108	0.378338	0.448287
0.083116	0.012464	0.046331	0.004736	0.004736	0.033303	0.019876	0.102880	0.288095	0.271667	0.123127	0.111108	0.000003	0.078499	0.111976
0.324969	0.028941	0.004425	0.122910	0.122910	0.215531	0.019819	0.001520	0.669955	0.644777	0.004779	0.378338	0.078499	0.000294	0.005127
0.390014	0.050433	0.014633	0.164054	0.164054	0.269053	0.038115	0.000239	0.762056	0.735187	0.000216	0.448287	0.111976	0.005127	0.000499

wegight[fold=0]
-0.000060	-0.001369	-0.003139	0.000406	-0.000406	0.002436	-0.000758	-0.008358	0.018770	0.001841	-0.014057	-0.001833	-0.000230	0.004452	-0.009040
J(w) : 0.011577
