total mean
0.647099	0.268061	0.184858	0.405636	0.405636	0.489241	0.204203	0.086929	0.718692	0.772031	0.041931	0.726765	0.361640	0.089117	0.012844
mean of class
0.642857	0.239003	0.149773	0.424323	0.424323	0.539232	0.202803	0.038502	0.895238	0.888889	0.009573	0.696825	0.361877	0.097997	0.002216
0.651341	0.297119	0.219943	0.386949	0.386949	0.439250	0.205604	0.135355	0.542146	0.655172	0.074289	0.756705	0.361402	0.080238	0.023472
SW
29.843459	-0.387320	0.734018	0.286041	0.286041	2.813775	1.195219	-0.867729	-0.950465	-1.129310	0.053074	-3.746990	-1.062397	-0.467740	0.176591
-0.387320	18.886863	5.460033	-1.550383	-1.550383	4.239476	2.527587	5.664577	-3.199762	-2.143910	1.636197	0.669865	-1.012451	-0.595197	-0.048231
0.734018	5.460033	21.339772	0.073732	0.073732	3.371289	1.527743	5.140347	-2.535227	-2.481359	2.027727	-1.018508	0.015318	-1.539000	1.287418
0.286041	-1.550383	0.073732	11.533357	11.533357	2.631344	1.455388	-0.134057	1.079882	2.846570	-0.329329	0.930582	0.787628	0.273117	1.023645
0.286041	-1.550383	0.073732	11.533357	11.533357	2.631344	1.455388	-0.134057	1.079882	2.846570	-0.329329	0.930582	0.787628	0.273117	1.023645
2.813775	4.239476	3.371289	2.631344	2.631344	40.035922	7.230290	0.170010	0.534321	3.404616	-0.047181	-4.432845	-0.074303	-0.939931	1.250666
1.195219	2.527587	1.527743	1.455388	1.455388	7.230290	13.265670	0.753157	1.042637	0.326818	0.159638	-0.406740	0.740947	-0.434947	1.253055
-0.867729	5.664577	5.140347	-0.134057	-0.134057	0.170010	0.753157	8.165801	-1.513234	-1.513457	1.811563	1.534816	-0.436985	-0.676923	-0.000634
-0.950465	-3.199762	-2.535227	1.079882	1.079882	0.534321	1.042637	-1.513234	18.079256	4.376437	-0.882012	-2.078517	1.467325	-0.314718	0.778146
-1.129310	-2.143910	-2.481359	2.846570	2.846570	3.404616	0.326818	-1.513457	4.376437	27.576628	-4.181449	0.992337	3.195972	0.331768	0.320215
0.053074	1.636197	2.027727	-0.329329	-0.329329	-0.047181	0.159638	1.811563	-0.882012	-4.181449	3.011555	-0.256828	-0.556411	-0.390819	-0.012338
-3.746990	0.669865	-1.018508	0.930582	0.930582	-4.432845	-0.406740	1.534816	-2.078517	0.992337	-0.256828	35.097592	0.679489	1.569031	-0.067704
-1.062397	-1.012451	0.015318	0.787628	0.787628	-0.074303	0.740947	-0.436985	1.467325	3.195972	-0.556411	0.679489	5.427616	0.217968	1.141395
-0.467740	-0.595197	-1.539000	0.273117	0.273117	-0.939931	-0.434947	-0.676923	-0.314718	0.331768	-0.390819	1.569031	0.217968	4.626047	0.332638
0.176591	-0.048231	1.287418	1.023645	1.023645	1.250666	1.253055	-0.000634	0.778146	0.320215	-0.012338	-0.067704	1.141395	0.332638	2.583593
SB
0.000072	0.119535	0.178856	0.065489	0.065489	0.041456	0.191190	0.257558	0.010143	0.000152	0.323269	0.012961	0.079217	0.316541	0.383638
0.119535	0.003377	0.000363	0.021888	0.021888	0.040099	0.001115	0.010743	0.091896	0.173197	0.027131	0.268015	0.014982	0.025206	0.046454
0.178856	0.000363	0.004924	0.056253	0.056253	0.083797	0.003117	0.000208	0.153956	0.255429	0.005698	0.368367	0.044787	0.004835	0.015952
0.065489	0.021888	0.056253	0.001397	0.001397	0.000223	0.047838	0.083503	0.013882	0.053291	0.122524	0.110477	0.003959	0.118395	0.160682
0.065489	0.021888	0.056253	0.001397	0.001397	0.000223	0.047838	0.083503	0.013882	0.053291	0.122524	0.110477	0.003959	0.118395	0.160682
0.041456	0.040099	0.083797	0.000223	0.000223	0.009997	0.111308	0.163117	0.000008	0.013442	0.216172	0.047294	0.031624	0.210676	0.266009
0.191190	0.001115	0.003117	0.047838	0.047838	0.111308	0.000008	0.004549	0.115154	0.204639	0.016516	0.306808	0.025154	0.015022	0.032160
0.257558	0.010743	0.000208	0.083503	0.083503	0.163117	0.004549	0.009380	0.253657	0.380282	0.001281	0.515815	0.104264	0.001742	0.000226
0.010143	0.091896	0.153956	0.013882	0.013882	0.000008	0.115154	0.253657	0.124674	0.057632	0.673957	0.019191	0.284981	0.664226	0.759977
0.000152	0.173197	0.255429	0.053291	0.053291	0.013442	0.204639	0.380282	0.057632	0.054623	0.663573	0.017473	0.278243	0.653917	0.748947
0.323269	0.027131	0.005698	0.122524	0.122524	0.216172	0.016516	0.001281	0.673957	0.663573	0.004188	0.558206	0.123783	0.004993	0.000193
0.012961	0.268015	0.368367	0.110477	0.110477	0.047294	0.306808	0.515815	0.019191	0.017473	0.558206	0.003586	0.112509	0.380181	0.453405
0.079217	0.014982	0.044787	0.003959	0.003959	0.031624	0.025154	0.104264	0.284981	0.278243	0.123783	0.112509	0.000000	0.079321	0.114518
0.316541	0.025206	0.004835	0.118395	0.118395	0.210676	0.015022	0.001742	0.664226	0.653917	0.004993	0.380181	0.079321	0.000315	0.005554
0.383638	0.046454	0.015952	0.160682	0.160682	0.266009	0.032160	0.000226	0.759977	0.748947	0.000193	0.453405	0.114518	0.005554	0.000452

wegight[fold=9]
-0.000363	-0.002133	-0.002501	0.000575	-0.000575	0.002450	-0.001092	-0.008330	0.017292	0.002251	-0.013954	-0.001805	0.000136	0.004417	-0.008741
J(w) : 0.011281
