total mean
0.646495	0.271508	0.181128	0.405795	0.405795	0.487833	0.210289	0.087692	0.714995	0.767773	0.042831	0.725623	0.361638	0.088300	0.013185
mean of class
0.641304	0.240583	0.142505	0.429593	0.429593	0.544148	0.216682	0.040289	0.894410	0.881988	0.009968	0.700311	0.361256	0.098033	0.002175
0.651685	0.302432	0.219751	0.381998	0.381998	0.431519	0.203896	0.135095	0.535581	0.653558	0.075695	0.750936	0.362019	0.078567	0.024194
SW
30.427394	-1.063226	0.721075	0.481080	0.481080	3.551599	1.548035	-1.154543	-0.886663	-0.349536	0.026017	-4.527052	-1.101517	-0.575464	0.238509
-1.063226	18.958541	5.239531	-1.746804	-1.746804	4.072561	2.294130	5.358230	-3.335723	-1.473943	1.424188	1.240099	-0.771732	-0.525589	-0.053595
0.721075	5.239531	20.418669	-0.216142	-0.216142	3.363866	1.861879	4.139429	-2.450426	-2.233961	1.555143	-1.339163	0.069935	-1.456461	1.373562
0.481080	-1.746804	-0.216142	11.720218	11.720218	3.046291	1.557489	-0.336023	1.144168	2.829259	-0.442235	0.694931	0.649124	0.206951	1.095065
0.481080	-1.746804	-0.216142	11.720218	11.720218	3.046291	1.557489	-0.336023	1.144168	2.829259	-0.442235	0.694931	0.649124	0.206951	1.095065
3.551599	4.072561	3.363866	3.046291	3.046291	41.624758	8.806949	-0.597981	0.008681	2.949407	0.195306	-4.329920	-0.253327	-0.820055	1.359945
1.548035	2.294130	1.861879	1.557489	1.557489	8.806949	14.887732	0.515839	0.875363	-0.792293	0.349534	-0.916817	0.523517	-0.485397	1.352546
-1.154543	5.358230	4.139429	-0.336023	-0.336023	-0.597981	0.515839	7.879695	-1.477570	-0.983698	1.293347	1.991502	-0.154099	-0.464000	-0.001423
-0.886663	-3.335723	-2.450426	1.144168	1.144168	0.008681	0.875363	-1.477570	17.821923	3.528776	-0.753452	-1.573336	1.177669	-0.544282	0.797873
-0.349536	-1.473943	-2.233961	2.829259	2.829259	2.949407	-0.792293	-0.983698	3.528776	28.719648	-4.329528	0.823412	3.385441	0.429725	0.295163
0.026017	1.424188	1.555143	-0.442235	-0.442235	0.195306	0.349534	1.293347	-0.753452	-4.329528	2.851854	0.017509	-0.595509	-0.368080	-0.010387
-4.527052	1.240099	-1.339163	0.694931	0.694931	-4.329920	-0.916817	1.991502	-1.573336	0.823412	0.017509	36.017235	0.440065	1.499380	-0.090216
-1.101517	-0.771732	0.069935	0.649124	0.649124	-0.253327	0.523517	-0.154099	1.177669	3.385441	-0.595509	0.440065	5.530262	0.192032	1.128397
-0.575464	-0.525589	-1.456461	0.206951	0.206951	-0.820055	-0.485397	-0.464000	-0.544282	0.429725	-0.368080	1.499380	0.192032	4.411191	0.312531
0.238509	-0.053595	1.373562	1.095065	1.095065	1.359945	1.352546	-0.001423	0.797873	0.295163	-0.010387	-0.090216	1.128397	0.312531	2.602701
SB
0.000108	0.114835	0.177707	0.067240	0.067240	0.044010	0.191326	0.256248	0.011178	0.000150	0.319914	0.012019	0.078000	0.316673	0.380825
0.114835	0.003825	0.000434	0.019998	0.019998	0.036457	0.001346	0.011128	0.087023	0.170548	0.027188	0.260460	0.014747	0.026249	0.046824
0.177707	0.000434	0.005967	0.057357	0.057357	0.083530	0.003769	0.000055	0.154509	0.261176	0.004464	0.370189	0.048187	0.004088	0.013997
0.067240	0.019998	0.057357	0.002265	0.002265	0.000004	0.050939	0.086729	0.011233	0.050161	0.125243	0.103262	0.004566	0.123219	0.164348
0.067240	0.019998	0.057357	0.002265	0.002265	0.000004	0.050939	0.086729	0.011233	0.050161	0.125243	0.103262	0.004566	0.123219	0.164348
0.044010	0.036457	0.083530	0.000004	0.000004	0.012685	0.115771	0.167324	0.000073	0.011971	0.219448	0.042762	0.033171	0.216765	0.270352
0.191326	0.001346	0.003769	0.050939	0.050939	0.115771	0.000163	0.006656	0.101696	0.190861	0.019877	0.285428	0.021123	0.019076	0.037052
0.256248	0.011128	0.000055	0.086729	0.086729	0.167324	0.006656	0.008988	0.245314	0.376099	0.001254	0.505019	0.103510	0.001465	0.000259
0.011178	0.087023	0.154509	0.011233	0.011233	0.000073	0.101696	0.245314	0.128759	0.058010	0.670294	0.020585	0.283440	0.665599	0.757276
0.000150	0.170548	0.261176	0.050161	0.050161	0.011971	0.190861	0.376099	0.058010	0.052180	0.650108	0.017174	0.270367	0.645484	0.735810
0.319914	0.027188	0.004464	0.125243	0.125243	0.219448	0.019877	0.001254	0.670294	0.650108	0.004320	0.549035	0.123940	0.004706	0.000202
0.012019	0.260460	0.370189	0.103262	0.103262	0.042762	0.285428	0.505019	0.020585	0.017174	0.549035	0.002563	0.114441	0.386565	0.457134
0.078000	0.014747	0.048187	0.004566	0.004566	0.033171	0.021123	0.103510	0.283440	0.270367	0.123940	0.114441	0.000001	0.079913	0.113611
0.316673	0.026249	0.004088	0.123219	0.123219	0.216765	0.019076	0.001465	0.665599	0.645484	0.004706	0.386565	0.079913	0.000379	0.005452
0.380825	0.046824	0.013997	0.164348	0.164348	0.270352	0.037052	0.000259	0.757276	0.735810	0.000202	0.457134	0.113611	0.005452	0.000485

wegight[fold=8]
-0.000489	-0.002242	-0.002933	0.000586	-0.000586	0.002458	-0.000448	-0.008374	0.018253	0.002129	-0.014534	-0.001395	-0.000201	0.005016	-0.009028
J(w) : 0.011588
