total mean
0.648984	0.274027	0.184995	0.404349	0.404349	0.495885	0.211608	0.087834	0.714995	0.772614	0.042376	0.722678	0.359978	0.089638	0.013067
mean of class
0.644410	0.246818	0.147467	0.425451	0.425451	0.551690	0.215991	0.040480	0.894410	0.880435	0.009505	0.692547	0.359185	0.098783	0.002287
0.653558	0.301237	0.222522	0.383246	0.383246	0.440080	0.207225	0.135188	0.535581	0.664794	0.075248	0.752809	0.360770	0.080494	0.023846
SW
30.739058	-0.812978	0.152675	0.501828	0.501828	3.768526	1.347226	-1.182321	-1.298864	-0.446772	-0.093917	-4.318585	-0.829644	-0.575661	0.242252
-0.812978	19.923556	5.030924	-1.786199	-1.786199	4.626149	2.817541	5.761414	-3.378697	-1.676983	1.530036	1.743725	-0.443823	-0.690837	-0.104444
0.152675	5.030924	20.344565	0.122281	0.122281	3.139539	1.746874	5.078161	-2.068979	-1.953490	1.884131	-0.857601	0.362105	-2.022097	1.346661
0.501828	-1.786199	0.122281	11.605172	11.605172	2.980566	1.495251	-0.095351	1.324890	2.850317	-0.240431	0.750407	0.754929	0.295047	1.083392
0.501828	-1.786199	0.122281	11.605172	11.605172	2.980566	1.495251	-0.095351	1.324890	2.850317	-0.240431	0.750407	0.754929	0.295047	1.083392
3.768526	4.626149	3.139539	2.980566	2.980566	41.318286	8.855568	-0.744245	0.076701	3.233491	0.052905	-4.552294	-0.181872	-1.033258	1.336430
1.347226	2.817541	1.746874	1.495251	1.495251	8.855568	14.988718	0.337856	0.764666	-0.635489	0.248595	-1.159005	0.495007	-0.513117	1.325449
-1.182321	5.761414	5.078161	-0.095351	-0.095351	-0.744245	0.337856	8.407068	-1.500287	-1.594328	1.686886	1.868305	-0.139445	-0.424317	-0.078026
-1.298864	-3.378697	-2.068979	1.324890	1.324890	0.076701	0.764666	-1.500287	17.821923	3.619240	-0.794843	-2.355102	1.119124	-0.232588	0.804465
-0.446772	-1.676983	-1.953490	2.850317	2.850317	3.233491	-0.635489	-1.594328	3.619240	29.395803	-4.475214	0.539448	3.288478	0.479378	0.317304
-0.093917	1.530036	1.884131	-0.240431	-0.240431	0.052905	0.248595	1.686886	-0.794843	-4.475214	3.037601	-0.033499	-0.611228	-0.371440	-0.054352
-4.318585	1.743725	-0.857601	0.750407	0.750407	-4.552294	-1.159005	1.868305	-2.355102	0.539448	-0.033499	35.747505	0.208171	1.851357	-0.044726
-0.829644	-0.443823	0.362105	0.754929	0.754929	-0.181872	0.495007	-0.139445	1.119124	3.288478	-0.611228	0.208171	5.251430	0.226536	1.139534
-0.575661	-0.690837	-2.022097	0.295047	0.295047	-1.033258	-0.513117	-0.424317	-0.232588	0.479378	-0.371440	1.851357	0.226536	4.554894	0.321880
0.242252	-0.104444	1.346661	1.083392	1.083392	1.336430	1.325449	-0.078026	0.804465	0.317304	-0.054352	-0.044726	1.139534	0.321880	2.591804
SB
0.000084	0.117768	0.177989	0.068206	0.068206	0.041751	0.191131	0.259307	0.011844	0.000416	0.323946	0.011750	0.080451	0.318001	0.385099
0.117768	0.002961	0.000590	0.018613	0.018613	0.037350	0.001568	0.012461	0.083384	0.174704	0.029436	0.256027	0.012985	0.027663	0.049716
0.177989	0.000590	0.005633	0.055592	0.055592	0.085622	0.003571	0.000151	0.150632	0.267627	0.005216	0.366439	0.045498	0.004485	0.015282
0.068206	0.018613	0.055592	0.001781	0.001781	0.000214	0.047623	0.084252	0.012129	0.057285	0.122642	0.107163	0.004184	0.118995	0.161286
0.068206	0.018613	0.055592	0.001781	0.001781	0.000214	0.047623	0.084252	0.012129	0.057285	0.122642	0.107163	0.004184	0.118995	0.161286
0.041751	0.037350	0.085622	0.000214	0.000214	0.012457	0.118656	0.173474	0.000260	0.012793	0.226997	0.040449	0.036450	0.222025	0.278619
0.191131	0.001568	0.003571	0.047623	0.047623	0.118656	0.000077	0.006529	0.102137	0.201424	0.019809	0.288173	0.020961	0.018359	0.036920
0.259307	0.012461	0.000151	0.084252	0.084252	0.173474	0.006529	0.008970	0.245125	0.389769	0.001209	0.507413	0.102586	0.001601	0.000277
0.011844	0.083384	0.150632	0.012129	0.012129	0.000260	0.102137	0.245125	0.128759	0.052723	0.671027	0.020051	0.284771	0.662459	0.757881
0.000416	0.174704	0.267627	0.057285	0.057285	0.012793	0.201424	0.389769	0.052723	0.046501	0.648326	0.016288	0.270051	0.639905	0.733744
0.323946	0.029436	0.005216	0.122642	0.122642	0.226997	0.019809	0.001209	0.671027	0.648326	0.004322	0.552501	0.123388	0.005040	0.000206
0.011750	0.256027	0.366439	0.107163	0.107163	0.040449	0.288173	0.507413	0.020051	0.016288	0.552501	0.003632	0.110075	0.374608	0.447160
0.080451	0.012985	0.045498	0.004184	0.004184	0.036450	0.020961	0.102586	0.284771	0.270051	0.123388	0.110075	0.000003	0.077669	0.112452
0.318001	0.027663	0.004485	0.118995	0.118995	0.222025	0.018359	0.001601	0.662459	0.639905	0.005040	0.374608	0.077669	0.000334	0.005615
0.385099	0.049716	0.015282	0.161286	0.161286	0.278619	0.036920	0.000277	0.757881	0.733744	0.000206	0.447160	0.112452	0.005615	0.000465

wegight[fold=1]
-0.000415	-0.001814	-0.003014	0.000684	-0.000684	0.002540	-0.000836	-0.007778	0.018369	0.001675	-0.014335	-0.001696	-0.000433	0.004617	-0.008851
J(w) : 0.011475
