total mean
0.644142	0.270120	0.182277	0.404973	0.404973	0.487289	0.206935	0.088596	0.717644	0.778049	0.041319	0.726263	0.361013	0.088685	0.012871
mean of class
0.645963	0.246544	0.146615	0.425451	0.425451	0.548141	0.212886	0.040794	0.895963	0.891304	0.009459	0.694099	0.361256	0.097161	0.002133
0.642322	0.293696	0.217940	0.384495	0.384495	0.426437	0.200983	0.136398	0.539326	0.664794	0.073180	0.758427	0.360770	0.080208	0.023608
SW
30.231512	-0.854466	1.012791	0.391441	0.391441	4.105279	0.966283	-0.838687	-1.104630	-0.403477	-0.180190	-4.692896	-1.024203	-0.675489	0.251689
-0.854466	19.506495	4.918374	-1.633812	-1.633812	3.858097	2.210365	5.898784	-3.400515	-1.684098	1.575974	1.726384	-0.582336	-0.588348	-0.076065
1.012791	4.918374	20.714126	-0.133701	-0.133701	2.490065	0.959192	4.774533	-2.184332	-2.615852	1.830551	-1.855277	0.174563	-1.406281	1.347699
0.391441	-1.633812	-0.133701	11.682607	11.682607	2.696965	1.418413	-0.200024	1.382457	2.806247	-0.400090	0.709953	0.573169	0.278555	1.090699
0.391441	-1.633812	-0.133701	11.682607	11.682607	2.696965	1.418413	-0.200024	1.382457	2.806247	-0.400090	0.709953	0.573169	0.278555	1.090699
4.105279	3.858097	2.490065	2.696965	2.696965	40.226590	8.020990	-0.570428	0.849424	3.350142	0.052699	-4.432101	0.130054	-0.796623	1.392621
0.966283	2.210365	0.959192	1.418413	1.418413	8.020990	14.542563	0.553056	1.410969	0.052263	0.036614	-0.786383	0.795190	-0.313400	1.355030
-0.838687	5.898784	4.774533	-0.200024	-0.200024	-0.570428	0.553056	8.488612	-1.777938	-1.655585	1.855991	1.547267	-0.213813	-0.438888	-0.021447
-1.104630	-3.400515	-2.184332	1.382457	1.382457	0.849424	1.410969	-1.777938	18.101830	4.128359	-0.832271	-2.461154	1.481483	-0.498773	0.776331
-0.403477	-1.684098	-2.615852	2.806247	2.806247	3.350142	0.052263	-1.655585	4.128359	28.444716	-4.411706	0.922692	3.103658	0.252506	0.286917
-0.180190	1.575974	1.830551	-0.400090	-0.400090	0.052699	0.036614	1.855991	-0.832271	-4.411706	3.011565	-0.296473	-0.547241	-0.404874	-0.009782
-4.692896	1.726384	-1.855277	0.709953	0.709953	-4.432101	-0.786383	1.547267	-2.461154	0.922692	-0.296473	35.787328	0.357998	1.735314	-0.050870
-1.024203	-0.582336	0.174563	0.573169	0.573169	0.130054	0.795190	-0.213813	1.481483	3.103658	-0.547241	0.357998	5.437840	0.160692	1.141143
-0.675489	-0.588348	-1.406281	0.278555	0.278555	-0.796623	-0.313400	-0.438888	-0.498773	0.252506	-0.404874	1.735314	0.160692	4.532047	0.298096
0.251689	-0.076065	1.347699	1.090699	1.090699	1.392621	1.355030	-0.021447	0.776331	0.286917	-0.009782	-0.050870	1.141143	0.298096	2.597310
SB
0.000013	0.124092	0.183203	0.068365	0.068365	0.048192	0.198007	0.259656	0.011371	0.000355	0.328080	0.012648	0.081335	0.320079	0.387326
0.124092	0.002223	0.000818	0.019030	0.019030	0.032361	0.002076	0.012132	0.085721	0.174933	0.030055	0.262024	0.013048	0.027668	0.049701
0.183203	0.000818	0.005087	0.056587	0.056587	0.078301	0.002956	0.000104	0.154222	0.268510	0.005393	0.374314	0.045863	0.004410	0.015131
0.068365	0.019030	0.056587	0.001677	0.001677	0.000001	0.050386	0.083552	0.012967	0.057285	0.124095	0.110873	0.004184	0.119193	0.161478
0.068365	0.019030	0.056587	0.001677	0.001677	0.000001	0.050386	0.083552	0.012967	0.057285	0.124095	0.110873	0.004184	0.119193	0.161478
0.048192	0.032361	0.078301	0.000001	0.000001	0.014812	0.120518	0.169532	0.000078	0.013608	0.225588	0.044220	0.035108	0.218961	0.275135
0.198007	0.002076	0.002956	0.050386	0.050386	0.120518	0.000142	0.005850	0.106563	0.204221	0.019518	0.297615	0.021870	0.017604	0.035826
0.259656	0.012132	0.000104	0.083552	0.083552	0.169532	0.005850	0.009140	0.248534	0.389376	0.001049	0.514997	0.102385	0.001553	0.000295
0.011371	0.085721	0.154222	0.012967	0.012967	0.000078	0.106563	0.248534	0.127190	0.053439	0.676972	0.018916	0.286431	0.665456	0.761003
0.000355	0.174933	0.268510	0.057285	0.057285	0.013608	0.204221	0.389376	0.053439	0.051307	0.669328	0.017656	0.281466	0.657878	0.752897
0.328080	0.030055	0.005393	0.124095	0.124095	0.225588	0.019518	0.001049	0.676972	0.669328	0.004060	0.560953	0.123420	0.005005	0.000200
0.012648	0.262024	0.374314	0.110873	0.110873	0.044220	0.297615	0.514997	0.018916	0.017656	0.560953	0.004138	0.111108	0.376863	0.449559
0.081335	0.013048	0.045863	0.004184	0.004184	0.035108	0.021870	0.102385	0.286431	0.281466	0.123420	0.111108	0.000000	0.078988	0.114006
0.320079	0.027668	0.004410	0.119193	0.119193	0.218961	0.017604	0.001553	0.665456	0.657878	0.005005	0.376863	0.078988	0.000287	0.005410
0.387326	0.049701	0.015131	0.161478	0.161478	0.275135	0.035826	0.000295	0.761003	0.752897	0.000200	0.449559	0.114006	0.005410	0.000461

wegight[fold=4]
0.000004	-0.001548	-0.002866	0.000615	-0.000615	0.002804	-0.000569	-0.007303	0.017540	0.001954	-0.013625	-0.001909	0.000088	0.004277	-0.008689
J(w) : 0.011033
