total mean
0.643093	0.271993	0.178083	0.406435	0.406435	0.488731	0.207666	0.087842	0.717644	0.771975	0.041169	0.729209	0.362262	0.089516	0.013404
mean of class
0.628882	0.246674	0.142240	0.423380	0.423380	0.541929	0.211851	0.041739	0.895963	0.886646	0.009829	0.701863	0.361256	0.098686	0.002148
0.657303	0.297312	0.213925	0.389490	0.389490	0.435533	0.203480	0.133945	0.539326	0.657303	0.072509	0.756554	0.363268	0.080346	0.024661
SW
29.794656	0.013476	1.315321	0.236250	0.236250	3.432933	1.104757	-0.954136	-1.334139	-1.402549	0.241190	-3.902610	-1.251917	-0.690533	0.214504
0.013476	18.535590	4.353622	-1.931935	-1.931935	4.102860	2.342127	5.545841	-3.207364	-1.094633	1.331254	0.919919	-0.853817	-0.719024	-0.041292
1.315321	4.353622	19.827347	-0.237356	-0.237356	3.596455	1.486065	4.338410	-2.547611	-2.396630	1.534989	-1.099093	0.184558	-1.579603	1.363909
0.236250	-1.931935	-0.237356	11.883221	11.883221	1.751600	1.136767	-0.434406	1.260640	3.094899	-0.506980	1.464535	0.740019	0.396943	1.032008
0.236250	-1.931935	-0.237356	11.883221	11.883221	1.751600	1.136767	-0.434406	1.260640	3.094899	-0.506980	1.464535	0.740019	0.396943	1.032008
3.432933	4.102860	3.596455	1.751600	1.751600	40.374658	8.309303	-0.813466	0.545775	3.380736	0.046952	-4.272909	-0.218830	-0.755134	1.374531
1.104757	2.342127	1.486065	1.136767	1.136767	8.309303	14.105937	0.467202	1.072275	-0.480146	0.217738	-0.821871	0.613472	-0.466547	1.358937
-0.954136	5.545841	4.338410	-0.434406	-0.434406	-0.813466	0.467202	7.887873	-1.701482	-1.078032	1.186553	2.120718	-0.187350	-0.473423	-0.019467
-1.334139	-3.207364	-2.547611	1.260640	1.260640	0.545775	1.072275	-1.701482	18.101830	4.050954	-0.812823	-2.181398	1.288561	-0.154395	0.764975
-1.402549	-1.094633	-2.396630	3.094899	3.094899	3.380736	-0.480146	-1.078032	4.050954	28.505836	-4.269058	1.592732	3.429043	0.456001	0.300659
0.241190	1.331254	1.534989	-0.506980	-0.506980	0.046952	0.217738	1.186553	-0.812823	-4.269058	2.789037	-0.261767	-0.594000	-0.357571	-0.008663
-3.902610	0.919919	-1.099093	1.464535	1.464535	-4.272909	-0.821871	2.120718	-2.181398	1.592732	-0.261767	36.054912	0.464173	1.931657	-0.142485
-1.251917	-0.853817	0.184558	0.740019	0.740019	-0.218830	0.613472	-0.187350	1.288561	3.429043	-0.594000	0.464173	5.621851	0.215732	1.116843
-0.690533	-0.719024	-1.579603	0.396943	0.396943	-0.755134	-0.466547	-0.473423	-0.154395	0.456001	-0.357571	1.931657	0.215732	4.539406	0.310638
0.214504	-0.041292	1.363909	1.032008	1.032008	1.374531	1.358937	-0.019467	0.764975	0.300659	-0.008663	-0.142485	1.116843	0.310638	2.605360
SB
0.000808	0.109938	0.172189	0.057309	0.057309	0.037384	0.180967	0.244963	0.008020	0.000808	0.309551	0.016300	0.070551	0.300891	0.365083
0.109938	0.002564	0.001072	0.020396	0.020396	0.035668	0.001866	0.012708	0.085645	0.168617	0.030333	0.259978	0.013594	0.027665	0.049290
0.172189	0.001072	0.005139	0.061132	0.061132	0.086020	0.003750	0.000069	0.157677	0.265290	0.004863	0.377382	0.048853	0.003831	0.013825
0.057309	0.020396	0.061132	0.001149	0.001149	0.000148	0.048356	0.083773	0.013443	0.054720	0.123111	0.111005	0.003613	0.117672	0.158977
0.057309	0.020396	0.061132	0.001149	0.001149	0.000148	0.048356	0.083773	0.013443	0.054720	0.123111	0.111005	0.003613	0.117672	0.158977
0.037384	0.035668	0.086020	0.000148	0.000148	0.011320	0.114548	0.166451	0.000007	0.013311	0.220355	0.046064	0.031920	0.213058	0.267566
0.180967	0.001866	0.003750	0.048356	0.048356	0.114548	0.000070	0.006069	0.107240	0.198428	0.019416	0.296701	0.022927	0.017294	0.035040
0.244963	0.012708	0.000069	0.083773	0.083773	0.166451	0.006069	0.008502	0.247593	0.378920	0.000947	0.510962	0.103381	0.001491	0.000292
0.008020	0.085645	0.157677	0.013443	0.013443	0.000007	0.107240	0.247593	0.127190	0.056958	0.678077	0.019435	0.283764	0.665230	0.759167
0.000808	0.168617	0.265290	0.054720	0.054720	0.013311	0.198428	0.378920	0.056958	0.052598	0.662820	0.016924	0.273925	0.650119	0.743019
0.309551	0.030333	0.004863	0.123111	0.123111	0.220355	0.019416	0.000947	0.678077	0.662820	0.003929	0.557599	0.124919	0.004973	0.000220
0.016300	0.259978	0.377382	0.111005	0.111005	0.046064	0.296701	0.510962	0.019435	0.016924	0.557599	0.002991	0.114647	0.386283	0.458603
0.070551	0.013594	0.048853	0.003613	0.003613	0.031920	0.022927	0.103381	0.283764	0.273925	0.124919	0.114647	0.000004	0.078910	0.113296
0.300891	0.027665	0.003831	0.117672	0.117672	0.213058	0.017294	0.001491	0.665230	0.650119	0.004973	0.386283	0.078910	0.000336	0.005480
0.365083	0.049290	0.013825	0.158977	0.158977	0.267566	0.035040	0.000292	0.759167	0.743019	0.000220	0.458603	0.113296	0.005480	0.000507

wegight[fold=2]
-0.001019	-0.001883	-0.003011	0.000302	-0.000302	0.002458	-0.000703	-0.007608	0.017566	0.002014	-0.014348	-0.001613	-0.000402	0.004647	-0.009202
J(w) : 0.011450
