total mean
0.649920	0.270123	0.180899	0.405384	0.405384	0.484647	0.211400	0.086956	0.716708	0.767316	0.042631	0.723134	0.361531	0.088566	0.011384
mean of class
0.644410	0.245495	0.141713	0.427522	0.427522	0.543927	0.215992	0.039545	0.895963	0.877329	0.010293	0.697205	0.362291	0.099059	0.002104
0.655431	0.294751	0.220085	0.383247	0.383247	0.425366	0.206809	0.134367	0.537453	0.657303	0.074968	0.749064	0.360771	0.078073	0.020665
SW
30.834563	-0.738897	1.264830	0.547246	0.547246	3.520107	0.760917	-1.401092	-0.966574	-0.323897	-0.059497	-4.006173	-1.154533	-0.667525	0.372322
-0.738897	19.373663	5.416230	-1.467751	-1.467751	4.986563	2.748005	5.432785	-3.515665	-1.886373	1.595121	0.246509	-0.504174	-0.568191	0.191047
1.264830	5.416230	20.445617	-0.191994	-0.191994	3.577542	1.206014	4.618130	-3.018524	-2.551568	1.811742	-1.562462	-0.274354	-1.350759	0.765236
0.547246	-1.467751	-0.191994	11.481022	11.481022	2.068109	1.060466	-0.065519	0.989860	2.790792	-0.242059	0.864056	0.310087	0.041056	0.451646
0.547246	-1.467751	-0.191994	11.481022	11.481022	2.068109	1.060466	-0.065519	0.989860	2.790792	-0.242059	0.864056	0.310087	0.041056	0.451646
3.520107	4.986563	3.577542	2.068109	2.068109	41.263079	8.304564	-0.571339	0.360582	3.905221	0.098630	-4.753904	-0.457977	-1.290966	0.931496
0.760917	2.748005	1.206014	1.060466	1.060466	8.304564	15.170583	0.143321	0.890579	-0.154159	0.214242	-0.970315	0.245038	-0.522709	0.772968
-1.401092	5.432785	4.618130	-0.065519	-0.065519	-0.571339	0.143321	8.157817	-1.662516	-1.538903	1.741085	1.581707	-0.150165	-0.341648	0.123254
-0.966574	-3.515665	-3.018524	0.989860	0.989860	0.360582	0.890579	-1.662516	17.890220	4.067494	-0.815471	-1.884270	1.029851	-0.454254	0.329923
-0.323897	-1.886373	-2.551568	2.790792	2.790792	3.905221	-0.154159	-1.538903	4.067494	29.297762	-4.399245	0.328922	3.325333	0.348263	-0.049590
-0.059497	1.595121	1.811742	-0.242059	-0.242059	0.098630	0.214242	1.741085	-0.815471	-4.399245	3.066964	-0.078579	-0.571307	-0.338306	0.057305
-4.006173	0.246509	-1.562462	0.864056	0.864056	-4.753904	-0.970315	1.581707	-1.884270	0.328922	-0.078579	35.914750	0.166295	1.788646	-0.362270
-1.154533	-0.504174	-0.274354	0.310087	0.310087	-0.457977	0.245038	-0.150165	1.029851	3.325333	-0.571307	0.166295	5.307826	0.109588	0.495588
-0.667525	-0.568191	-1.350759	0.041056	0.041056	-1.290966	-0.522709	-0.341648	-0.454254	0.348263	-0.338306	1.788646	0.109588	4.457200	0.166935
0.372322	0.191047	0.765236	0.451646	0.451646	0.931496	0.772968	0.123254	0.329923	-0.049590	0.057305	-0.362270	0.495588	0.166935	1.650764
SB
0.000121	0.122261	0.180052	0.068206	0.068206	0.047980	0.191495	0.260143	0.011440	0.000166	0.324264	0.010952	0.080451	0.320737	0.389058
0.122261	0.002426	0.000646	0.018975	0.018975	0.032354	0.001497	0.012349	0.085239	0.169586	0.029080	0.253581	0.013288	0.028030	0.050549
0.180052	0.000646	0.006142	0.058339	0.058339	0.080459	0.004238	0.000054	0.156611	0.265834	0.004455	0.368875	0.047986	0.004050	0.014653
0.068206	0.018975	0.058339	0.001960	0.001960	0.000005	0.048714	0.085939	0.012085	0.052800	0.124294	0.103389	0.004456	0.122114	0.165532
0.068206	0.018975	0.058339	0.001960	0.001960	0.000005	0.048714	0.085939	0.012085	0.052800	0.124294	0.103389	0.004456	0.122114	0.165532
0.047980	0.032354	0.080459	0.000005	0.000005	0.014057	0.113648	0.167739	0.000042	0.012854	0.219922	0.042081	0.033546	0.217020	0.273803
0.191495	0.001497	0.004238	0.048714	0.048714	0.113648	0.000084	0.006663	0.103338	0.194756	0.019888	0.284166	0.020961	0.019022	0.038152
0.260143	0.012349	0.000054	0.085939	0.085939	0.167739	0.006663	0.008991	0.247913	0.381625	0.001255	0.503417	0.103186	0.001484	0.000356
0.011440	0.085239	0.156611	0.012085	0.012085	0.000042	0.103338	0.247913	0.128529	0.056958	0.674032	0.021579	0.286430	0.668944	0.766146
0.000166	0.169586	0.265834	0.052800	0.052800	0.012854	0.194756	0.381625	0.056958	0.048411	0.643783	0.016452	0.266833	0.638810	0.733873
0.324264	0.029080	0.004455	0.124294	0.124294	0.219922	0.019888	0.001255	0.674032	0.643783	0.004183	0.545782	0.122835	0.004594	0.000108
0.010952	0.253581	0.368875	0.103389	0.103389	0.042081	0.284166	0.503417	0.021579	0.016452	0.545782	0.002689	0.113188	0.383324	0.457706
0.080451	0.013288	0.047986	0.004456	0.004456	0.033546	0.020961	0.103186	0.286430	0.266833	0.122835	0.113188	0.000002	0.080780	0.116708
0.320737	0.028030	0.004050	0.122114	0.122114	0.217020	0.019022	0.001484	0.668944	0.638810	0.004594	0.383324	0.080780	0.000440	0.006146
0.389058	0.050549	0.014653	0.165532	0.165532	0.273803	0.038152	0.000356	0.766146	0.733873	0.000108	0.457706	0.116708	0.006146	0.000345

wegight[fold=3]
-0.000534	-0.001491	-0.003150	0.000440	-0.000440	0.002734	-0.000893	-0.007724	0.017975	0.001706	-0.014128	-0.001476	0.000227	0.005125	-0.011808
J(w) : 0.011237
