total mean
0.646951	0.272798	0.182781	0.403938	0.403938	0.490506	0.209462	0.088120	0.716708	0.768709	0.040582	0.725327	0.356338	0.090407	0.012384
mean of class
0.645963	0.242880	0.144473	0.423380	0.423380	0.545478	0.214611	0.038591	0.895963	0.881988	0.009829	0.694099	0.358150	0.099511	0.002007
0.647940	0.302715	0.221090	0.384496	0.384496	0.435534	0.204313	0.137650	0.537453	0.655431	0.071335	0.756554	0.354527	0.081303	0.022761
SW
30.546119	-0.436208	1.171034	0.078612	0.078612	3.588640	1.007807	-1.173445	-1.089649	-0.092929	0.138667	-5.006566	-0.839501	-0.675244	0.068432
-0.436208	19.292936	5.439130	-1.788333	-1.788333	4.343531	2.607223	5.728110	-2.653430	-1.550254	1.640083	0.727110	-0.224354	-0.727936	-0.175546
1.171034	5.439130	21.003728	0.285542	0.285542	3.102508	1.482657	4.880092	-2.535764	-2.079619	1.642470	-1.386999	0.080446	-1.479967	1.278561
0.078612	-1.788333	0.285542	11.359620	11.359620	2.848707	1.390789	-0.365228	0.838629	2.298531	-0.165332	0.865000	0.433815	0.270564	1.110136
0.078612	-1.788333	0.285542	11.359620	11.359620	2.848707	1.390789	-0.365228	0.838629	2.298531	-0.165332	0.865000	0.433815	0.270564	1.110136
3.588640	4.343531	3.102508	2.848707	2.848707	41.009548	8.517265	-1.190979	0.811035	2.796275	0.236147	-5.318400	-0.141344	-1.087474	1.180997
1.007807	2.607223	1.482657	1.390789	1.390789	8.517265	14.870766	0.108830	1.036008	-0.379092	0.193921	-0.688440	0.754872	-0.566470	1.287589
-1.173445	5.728110	4.880092	-0.365228	-0.365228	-1.190979	0.108830	8.421731	-1.658564	-1.493687	1.761287	1.680444	-0.094034	-0.473476	-0.084561
-1.089649	-2.653430	-2.535764	0.838629	0.838629	0.811035	1.036008	-1.658564	17.890220	3.742277	-0.734981	-2.313214	1.120195	-0.627420	0.802308
-0.092929	-1.550254	-2.079619	2.298531	2.298531	2.796275	-0.379092	-1.493687	3.742277	28.815153	-4.169348	0.978773	2.730469	0.303073	0.426514
0.138667	1.640083	1.642470	-0.165332	-0.165332	0.236147	0.193921	1.761287	-0.734981	-4.169348	2.185171	-0.388091	-0.428200	-0.364521	-0.011592
-5.006566	0.727110	-1.386999	0.865000	0.865000	-5.318400	-0.688440	1.680444	-2.313214	0.978773	-0.388091	35.794819	0.493447	2.033790	0.023961
-0.839501	-0.224354	0.080446	0.433815	0.433815	-0.141344	0.754872	-0.094034	1.120195	2.730469	-0.428200	0.493447	4.682590	0.186536	1.188444
-0.675244	-0.727936	-1.479967	0.270564	0.270564	-1.087474	-0.566470	-0.473476	-0.627420	0.303073	-0.364521	2.033790	0.186536	4.660070	0.253081
0.068432	-0.175546	1.278561	1.110136	1.110136	1.180997	1.287589	-0.084561	0.802308	0.426514	-0.011592	0.023961	1.188444	0.253081	2.366621
SB
0.000004	0.117819	0.180517	0.068365	0.068365	0.044280	0.195055	0.258382	0.011774	0.000090	0.330197	0.012230	0.084935	0.318840	0.388380
0.117819	0.003580	0.000475	0.020055	0.020055	0.037116	0.001487	0.011073	0.086773	0.170198	0.029428	0.263861	0.012465	0.026107	0.048452
0.180517	0.000475	0.005870	0.057611	0.057611	0.084717	0.003581	0.000047	0.154434	0.261078	0.005349	0.374644	0.044123	0.003990	0.014814
0.068365	0.020055	0.057611	0.001512	0.001512	0.000148	0.047991	0.081642	0.013013	0.053847	0.123936	0.111005	0.004741	0.117017	0.160496
0.068365	0.020055	0.057611	0.001512	0.001512	0.000148	0.047991	0.081642	0.013013	0.053847	0.123936	0.111005	0.004741	0.117017	0.160496
0.044280	0.037116	0.084717	0.000148	0.000148	0.012088	0.116394	0.166324	0.000064	0.012090	0.224812	0.044553	0.036462	0.215458	0.273233
0.195055	0.001487	0.003581	0.047991	0.047991	0.116394	0.000106	0.005923	0.104227	0.194322	0.020528	0.293702	0.019576	0.017771	0.036807
0.258382	0.011073	0.000047	0.081642	0.081642	0.166324	0.005923	0.009813	0.248864	0.380492	0.001072	0.515472	0.099816	0.001824	0.000251
0.011774	0.086773	0.154434	0.013013	0.013013	0.000064	0.104227	0.248864	0.128529	0.057856	0.680011	0.019435	0.293153	0.663670	0.762481
0.000090	0.170198	0.261078	0.053847	0.053847	0.012090	0.194322	0.380492	0.057856	0.051328	0.657158	0.015734	0.278215	0.641095	0.738270
0.330197	0.029428	0.005349	0.123936	0.123936	0.224812	0.020528	0.001072	0.680011	0.657158	0.003783	0.557599	0.118817	0.005109	0.000167
0.012230	0.263861	0.374644	0.111005	0.111005	0.044553	0.293702	0.515472	0.019435	0.015734	0.557599	0.003901	0.115309	0.375519	0.450695
0.084935	0.012465	0.044123	0.004741	0.004741	0.036462	0.019576	0.099816	0.293153	0.278215	0.118817	0.115309	0.000013	0.076644	0.112486
0.318840	0.026107	0.003990	0.117017	0.117017	0.215458	0.017771	0.001824	0.663670	0.641095	0.005109	0.375519	0.076644	0.000332	0.005891
0.388380	0.048452	0.014814	0.160496	0.160496	0.273233	0.036807	0.000251	0.762481	0.738270	0.000167	0.450695	0.112486	0.005891	0.000431

wegight[fold=6]
-0.000115	-0.002073	-0.002853	0.000705	-0.000705	0.002530	-0.000787	-0.007959	0.018167	0.001284	-0.018152	-0.001946	0.000803	0.004344	-0.009186
J(w) : 0.011577
