total mean
0.505912	0.057377	0.602459	0.785519	0.387978	0.627049	0.926230	0.918033	0.519809	0.775956	0.659836	0.800546	0.717213	0.128230	0.342578	0.075052	0.366648	0.580765	0.597678
mean of class
0.538725	0.000000	0.500000	0.833333	0.333333	0.500000	1.000000	1.000000	0.416667	0.666667	0.500000	0.666667	0.500000	0.163433	0.438650	0.063350	0.288758	0.493333	0.916667
0.473100	0.114754	0.704918	0.737705	0.442623	0.754098	0.852459	0.836066	0.622951	0.885246	0.819672	0.934426	0.934426	0.093026	0.246507	0.086754	0.444538	0.668197	0.278689
SW
1.637885	-0.396100	0.382050	-0.930550	-0.900500	-1.023150	0.610000	-0.381700	-1.347625	-1.096600	-0.760650	-0.361100	-0.213250	0.020384	0.206381	-0.029366	-0.234394	-0.402559	1.369225
-0.396100	6.196721	0.065574	-1.163934	-2.098361	-0.278689	-0.967213	0.147541	-0.360656	-0.196721	-1.737705	0.459016	-0.540984	-0.066884	-0.030246	-0.414679	0.004436	-0.217377	0.049180
0.382050	0.065574	15.688525	2.278689	0.967213	2.573770	2.344262	3.049180	4.713115	0.934426	-0.245902	-2.180328	-2.180328	-0.020228	-1.168782	-0.838926	-0.172771	0.577541	-1.483607
-0.930550	-1.163934	2.278689	13.469945	2.748634	3.065574	0.639344	3.377049	2.800546	-2.502732	-1.885246	-1.715847	-2.049180	0.179086	0.353005	0.203866	-0.821480	0.557814	1.292350
-0.900500	-2.098361	0.967213	2.748634	17.715847	8.639344	3.983607	0.426230	4.513661	2.431694	3.868852	3.103825	1.770492	-0.633242	0.054223	-0.265961	1.238249	2.705355	-1.191257
-1.023150	-0.278689	2.573770	3.065574	8.639344	14.311475	6.786885	2.540984	2.844262	1.278689	5.295082	2.016393	0.016393	-0.273207	-0.900602	-0.113489	0.540316	1.172951	-2.319672
0.610000	-0.967213	2.344262	0.639344	3.983607	6.786885	7.672131	1.524590	1.606557	-0.032787	3.377049	0.409836	1.409836	-0.630164	-0.725641	-0.271213	0.000839	0.503770	-2.491803
-0.381700	0.147541	3.049180	3.377049	0.426230	2.540984	1.524590	8.360656	6.229508	0.852459	0.196721	0.344262	0.344262	0.086062	-0.293234	-0.011059	-0.275523	-0.658033	-2.213115
-1.347625	-0.360656	4.713115	2.800546	4.513661	2.844262	1.606557	6.229508	17.244536	3.027322	0.352459	3.158470	0.991803	-0.352763	-2.906599	-0.812006	1.641176	0.281858	-4.173497
-1.096600	-0.196721	0.934426	-2.502732	2.431694	1.278689	-0.032787	0.852459	3.027322	8.863388	4.737705	3.207650	2.540984	-0.617183	-1.278254	-0.448321	0.987697	1.140710	-4.382514
-0.760650	-1.737705	-0.245902	-1.885246	3.868852	5.295082	3.377049	0.196721	0.352459	4.737705	12.016393	2.278689	3.278689	-0.528611	-1.314328	-0.261705	0.645865	1.280164	-5.434426
-0.361100	0.459016	-2.180328	-1.715847	3.103825	2.016393	0.409836	0.344262	3.158470	3.207650	2.278689	6.404372	2.737705	-0.117062	-1.181274	-0.177084	1.561184	0.956120	-3.218579
-0.213250	-0.540984	-2.180328	-2.049180	1.770492	0.016393	1.409836	0.344262	0.991803	2.540984	3.278689	2.737705	6.737705	-1.270695	-0.701774	-0.264984	0.533901	1.052787	-2.385246
0.020384	-0.066884	-0.020228	0.179086	-0.633242	-0.273207	-0.630164	0.086062	-0.352763	-0.617183	-0.528611	-0.117062	-1.270695	0.571969	0.361858	0.192796	-0.163102	-0.424792	0.296187
0.206381	-0.030246	-1.168782	0.353005	0.054223	-0.900602	-0.725641	-0.293234	-2.906599	-1.278254	-1.314328	-1.181274	-0.701774	0.361858	2.669994	0.404325	-0.678375	-0.231347	1.348539
-0.029366	-0.414679	-0.838926	0.203866	-0.265961	-0.113489	-0.271213	-0.011059	-0.812006	-0.448321	-0.261705	-0.177084	-0.264984	0.192796	0.404325	0.560754	-0.067189	-0.168644	0.572730
-0.234394	0.004436	-0.172771	-0.821480	1.238249	0.540316	0.000839	-0.275523	1.641176	0.987697	0.645865	1.561184	0.533901	-0.163102	-0.678375	-0.067189	1.033642	0.587395	-0.942983
-0.402559	-0.217377	0.577541	0.557814	2.705355	1.172951	0.503770	-0.658033	0.281858	1.140710	1.280164	0.956120	1.052787	-0.424792	-0.231347	-0.168644	0.587395	3.235568	-0.616011
1.369225	0.049180	-1.483607	1.292350	-1.191257	-2.319672	-2.491803	-2.213115	-4.173497	-4.382514	-5.434426	-3.218579	-2.385246	0.296187	1.348539	0.572730	-0.942983	-0.616011	13.178962
SB
0.004307	0.179751	0.027620	0.039593	0.009236	0.046386	0.098429	0.088411	0.007094	0.120077	0.078931	0.156579	0.156579	0.198647	0.085392	0.204278	0.008871	0.016763	0.067619
0.179751	0.013169	0.496909	0.544209	0.195915	0.568664	0.726686	0.699006	0.388068	0.783660	0.671862	0.873152	0.873152	0.008654	0.060765	0.007526	0.197614	0.446487	0.077667
0.027620	0.496909	0.041991	0.056504	0.003292	0.064566	0.124227	0.112940	0.015117	0.148414	0.102190	0.188726	0.188726	0.165628	0.064259	0.170772	0.003076	0.028290	0.048979
0.039593	0.544209	0.056504	0.009145	0.152655	0.006278	0.000366	0.000007	0.044261	0.002695	0.000187	0.010220	0.010220	0.548055	0.344366	0.557381	0.151162	0.027270	0.307631
0.009236	0.195915	0.003292	0.152655	0.011944	0.177043	0.269491	0.252740	0.083878	0.304607	0.236525	0.361313	0.361313	0.057748	0.007539	0.060801	0.012366	0.112133	0.002986
0.046386	0.568664	0.064566	0.006278	0.177043	0.064566	0.124227	0.112940	0.015117	0.148414	0.102190	0.188726	0.188726	0.165628	0.064259	0.170772	0.003076	0.028290	0.048979
0.098429	0.726686	0.124227	0.000366	0.269491	0.124227	0.021768	0.026874	0.142166	0.013169	0.032518	0.004300	0.004300	0.822601	0.567752	0.834018	0.308538	0.110093	0.520290
0.088411	0.699006	0.112940	0.000007	0.252740	0.112940	0.026874	0.026874	0.142166	0.013169	0.032518	0.004300	0.004300	0.822601	0.567752	0.834018	0.308538	0.110093	0.520290
0.007094	0.388068	0.015117	0.044261	0.083878	0.015117	0.142166	0.142166	0.042553	0.219566	0.162413	0.268075	0.268075	0.104743	0.028954	0.108842	0.000777	0.063267	0.019038
0.120077	0.783660	0.148414	0.002695	0.304607	0.148414	0.013169	0.013169	0.219566	0.047777	0.023411	0.071695	0.071695	0.329063	0.176535	0.336299	0.049341	0.000002	0.150527
0.078931	0.671862	0.102190	0.000187	0.236525	0.102190	0.032518	0.032518	0.162413	0.023411	0.102190	0.188726	0.188726	0.165628	0.064259	0.170772	0.003076	0.028290	0.048979
0.156579	0.873152	0.188726	0.010220	0.361313	0.188726	0.004300	0.004300	0.268075	0.071695	0.188726	0.071695	0.071695	0.329063	0.176535	0.336299	0.049341	0.000002	0.150527
0.156579	0.873152	0.188726	0.010220	0.361313	0.188726	0.004300	0.004300	0.268075	0.071695	0.188726	0.071695	0.188726	0.165628	0.064259	0.170772	0.003076	0.028290	0.048979
0.198647	0.008654	0.165628	0.548055	0.057748	0.165628	0.822601	0.822601	0.104743	0.329063	0.165628	0.329063	0.165628	0.004957	0.006901	0.005880	0.079020	0.254786	0.013284
0.085392	0.060765	0.064259	0.344366	0.007539	0.064259	0.567752	0.567752	0.028954	0.176535	0.064259	0.176535	0.064259	0.006901	0.036919	0.123831	0.000035	0.052692	0.025588
0.204278	0.007526	0.170772	0.557381	0.060801	0.170772	0.834018	0.834018	0.108842	0.336299	0.170772	0.336299	0.170772	0.005880	0.123831	0.000548	0.145304	0.365840	0.046371
0.008871	0.197614	0.003076	0.151162	0.012366	0.003076	0.308538	0.308538	0.000777	0.049341	0.003076	0.049341	0.003076	0.079020	0.000035	0.145304	0.024267	0.143973	0.000101
0.016763	0.446487	0.028290	0.027270	0.112133	0.028290	0.110093	0.110093	0.063267	0.000002	0.028290	0.000002	0.028290	0.254786	0.052692	0.365840	0.143973	0.030577	0.046072
0.067619	0.077667	0.048979	0.307631	0.002986	0.048979	0.520290	0.520290	0.019038	0.150527	0.048979	0.150527	0.048979	0.013284	0.025588	0.046371	0.000101	0.046072	0.407016

wegight[fold=8]
0.075092	-0.013287	-0.013868	0.008136	0.004258	-0.019746	0.025529	0.021260	-0.014822	-0.006664	-0.015367	-0.013240	-0.036658	-0.039532	0.079014	-0.107561	-0.131648	-0.015671	0.050914
J(w) : 0.006200
