total mean
0.505844	0.073770	0.603142	0.835383	0.371585	0.618852	0.918033	0.918033	0.478142	0.759563	0.635246	0.758880	0.659153	0.134872	0.362283	0.072384	0.352162	0.573975	0.630464
mean of class
0.544592	0.000000	0.583333	0.916667	0.333333	0.500000	1.000000	1.000000	0.333333	0.666667	0.500000	0.583333	0.416667	0.168842	0.470867	0.058350	0.265508	0.495000	0.916667
0.467097	0.147541	0.622951	0.754098	0.409836	0.737705	0.836066	0.836066	0.622951	0.852459	0.770492	0.934426	0.901639	0.100902	0.253698	0.086418	0.438816	0.652951	0.344262
SW
1.726363	0.007530	0.550783	-1.054658	-0.489685	-0.329202	0.839967	-0.441733	-1.054942	-1.265463	-0.728196	0.253345	-0.582478	0.039760	-0.083003	-0.112104	-0.010856	-0.377835	1.158061
0.007530	7.672131	-0.606557	-0.786885	-2.688525	0.360656	-0.524590	0.475410	0.393443	-1.672131	-2.934426	0.590164	-2.114754	-0.012215	-0.178985	-0.569362	0.097052	-0.456557	0.901639
0.550783	-0.606557	17.244536	0.927596	2.092896	2.467213	2.229508	2.229508	3.994536	1.939891	0.221311	-1.591530	-1.178962	-0.224454	-1.606104	-0.982335	0.187819	0.522869	-2.498634
-1.054658	-0.786885	0.927596	12.228142	1.480874	2.565574	0.540984	3.540984	2.677596	-2.546448	-2.942623	-1.400273	-2.058743	0.150066	0.146242	0.201520	-0.849946	-0.020738	2.080601
-0.489685	-2.688525	2.092896	1.480874	17.420765	8.557377	4.098361	0.098361	3.092896	2.021858	3.737705	3.306011	2.792350	-0.756608	-0.207526	-0.515151	1.340057	2.436230	-1.273224
-0.329202	0.360656	2.467213	2.565574	8.557377	14.803279	7.377049	2.377049	1.967213	-0.360656	4.327869	2.450820	-0.073770	-0.242424	-0.914426	-0.155111	0.637512	1.097213	-0.991803
0.839967	-0.524590	2.229508	0.540984	4.098361	7.377049	8.360656	1.360656	1.229508	-0.475410	3.704918	1.344262	1.016393	-0.549284	-0.905316	-0.351820	0.202164	0.789508	-2.557377
-0.441733	0.475410	2.229508	3.540984	0.098361	2.377049	1.360656	8.360656	6.229508	0.524590	-0.295082	0.344262	0.016393	0.164816	-0.221316	-0.014420	-0.332736	-0.810492	-1.557377
-1.054942	0.393443	3.994536	2.677596	3.092896	1.967213	1.229508	6.229508	16.994536	1.939891	-0.278689	2.158470	0.071038	-0.341529	-2.535404	-1.119685	1.449444	0.007869	-3.748634
-1.265463	-1.672131	1.939891	-2.546448	2.021858	-0.360656	-0.475410	0.524590	1.939891	10.338798	5.934426	1.743169	3.781421	-0.741119	-0.647448	-0.348338	0.546181	1.406557	-5.234973
-0.728196	-2.934426	0.221311	-2.942623	3.737705	4.327869	3.704918	-0.295082	-0.278689	5.934426	13.786885	2.581967	5.122951	-0.665127	-1.221323	-0.190648	0.666780	1.891311	-6.680328
0.253345	0.590164	-1.591530	-1.400273	3.306011	2.450820	1.344262	0.344262	2.158470	1.743169	2.581967	6.654372	2.689891	-0.076885	-0.998773	-0.267778	1.594507	1.596803	-3.039617
-0.582478	-2.114754	-1.178962	-2.058743	2.792350	-0.073770	1.016393	0.016393	0.071038	3.781421	5.122951	2.689891	8.326503	-1.238598	-0.430843	-0.106142	0.468157	1.532705	-3.517760
0.039760	-0.012215	-0.224454	0.150066	-0.756608	-0.242424	-0.549284	0.164816	-0.341529	-0.741119	-0.665127	-0.076885	-1.238598	0.581670	0.381104	0.248390	-0.187206	-0.445600	0.530207
-0.083003	-0.178985	-1.606104	0.146242	-0.207526	-0.914426	-0.905316	-0.221316	-2.535404	-0.647448	-1.221323	-0.998773	-0.430843	0.381104	2.542171	0.512264	-0.700337	-0.410209	1.325501
-0.112104	-0.569362	-0.982335	0.201520	-0.515151	-0.155111	-0.351820	-0.014420	-1.119685	-0.348338	-0.190648	-0.267778	-0.106142	0.248390	0.512264	0.555181	-0.173412	-0.245658	0.778271
-0.010856	0.097052	0.187819	-0.849946	1.340057	0.637512	0.202164	-0.332736	1.449444	0.546181	0.666780	1.594507	0.468157	-0.187206	-0.700337	-0.173412	1.091387	0.724655	-1.042836
-0.377835	-0.456557	0.522869	-0.020738	2.436230	1.097213	0.789508	-0.810492	0.007869	1.406557	1.891311	1.596803	1.532705	-0.445600	-0.410209	-0.245658	0.724655	3.324569	-1.136967
1.158061	0.901639	-2.498634	2.080601	-1.273224	-0.991803	-2.557377	-1.557377	-3.748634	-5.234973	-6.680328	-3.039617	-3.517760	0.530207	1.325501	0.778271	-1.042836	-1.136967	14.687158
SB
0.006005	0.157649	0.006140	0.043893	0.018159	0.037293	0.084957	0.084957	0.006140	0.094782	0.051031	0.151971	0.127483	0.196861	0.084619	0.209923	0.011188	0.011742	0.040132
0.157649	0.021768	0.388068	0.568664	0.167966	0.544209	0.699006	0.699006	0.388068	0.726686	0.593658	0.873152	0.812954	0.010181	0.064363	0.007468	0.192560	0.426345	0.118517
0.006140	0.388068	0.001570	0.029161	0.030101	0.023831	0.063874	0.063874	0.001570	0.072429	0.035028	0.123266	0.101319	0.232740	0.108659	0.246925	0.020885	0.004847	0.057155
0.043893	0.568664	0.029161	0.026428	0.256877	0.032027	0.006497	0.006497	0.086269	0.004123	0.021367	0.000315	0.000226	0.665473	0.439527	0.689313	0.228341	0.069546	0.327647
0.018159	0.167966	0.030101	0.256877	0.005853	0.163516	0.252740	0.252740	0.083878	0.269491	0.191108	0.361313	0.322972	0.054024	0.006342	0.060967	0.011127	0.102155	0.000119
0.037293	0.544209	0.023831	0.032027	0.163516	0.056504	0.112940	0.112940	0.015117	0.124227	0.073166	0.188726	0.161314	0.159280	0.060664	0.171050	0.003743	0.023394	0.024254
0.084957	0.699006	0.063874	0.006497	0.252740	0.112940	0.026874	0.026874	0.142166	0.021768	0.052674	0.004300	0.009675	0.808378	0.556966	0.834632	0.314927	0.120443	0.429992
0.084957	0.699006	0.063874	0.006497	0.252740	0.112940	0.026874	0.026874	0.142166	0.021768	0.052674	0.004300	0.009675	0.808378	0.556966	0.834632	0.314927	0.120443	0.429992
0.006140	0.388068	0.001570	0.086269	0.083878	0.015117	0.142166	0.142166	0.083878	0.269491	0.191108	0.361313	0.322972	0.054024	0.006342	0.060967	0.011127	0.102155	0.000119
0.094782	0.726686	0.072429	0.004123	0.269491	0.124227	0.021768	0.021768	0.269491	0.034519	0.010780	0.071695	0.055212	0.320090	0.170543	0.336688	0.051916	0.000188	0.103945
0.051031	0.593658	0.035028	0.021367	0.191108	0.073166	0.052674	0.052674	0.191108	0.010780	0.073166	0.188726	0.161314	0.159280	0.060664	0.171050	0.003743	0.023394	0.024254
0.151971	0.873152	0.123266	0.000315	0.361313	0.188726	0.004300	0.004300	0.361313	0.071695	0.188726	0.123266	0.101319	0.232740	0.108659	0.246925	0.020885	0.004847	0.057155
0.127483	0.812954	0.101319	0.000226	0.322972	0.161314	0.009675	0.009675	0.322972	0.055212	0.161314	0.101319	0.235198	0.099708	0.026559	0.109064	0.000491	0.055830	0.005242
0.196861	0.010181	0.232740	0.665473	0.054024	0.159280	0.808378	0.808378	0.054024	0.320090	0.159280	0.232740	0.099708	0.004616	0.007201	0.006794	0.072886	0.234362	0.030772
0.084619	0.064363	0.108659	0.439527	0.006342	0.060664	0.556966	0.556966	0.006342	0.170543	0.060664	0.108659	0.026559	0.007201	0.047162	0.147801	0.001027	0.033155	0.016029
0.209923	0.007468	0.246925	0.689313	0.060967	0.171050	0.834632	0.834632	0.060967	0.336688	0.171050	0.246925	0.109064	0.006794	0.147801	0.000788	0.144755	0.353550	0.081746
0.011188	0.192560	0.020885	0.228341	0.011127	0.003743	0.314927	0.314927	0.011127	0.051916	0.003743	0.020885	0.000491	0.072886	0.001027	0.144755	0.030036	0.150112	0.006202
0.011742	0.426345	0.004847	0.069546	0.102155	0.023394	0.120443	0.120443	0.102155	0.000188	0.023394	0.004847	0.055830	0.234362	0.033155	0.353550	0.150112	0.024948	0.022722
0.040132	0.118517	0.057155	0.327647	0.000119	0.024254	0.429992	0.429992	0.000119	0.103945	0.024254	0.057155	0.005242	0.030772	0.016029	0.081746	0.006202	0.022722	0.327647

wegight[fold=5]
0.070674	-0.019535	-0.003645	0.012667	0.005894	-0.020076	0.025833	0.026404	-0.021223	-0.005963	-0.007674	-0.026821	-0.035700	-0.042874	0.100420	-0.168626	-0.156904	0.006003	0.041858
J(w) : 0.013880
