total mean
0.505204	0.057377	0.603142	0.801913	0.371585	0.610656	0.918033	0.926230	0.478142	0.801230	0.643443	0.758880	0.667350	0.128190	0.354180	0.072358	0.353923	0.575410	0.622268
mean of class
0.536383	0.000000	0.583333	0.833333	0.333333	0.500000	1.000000	1.000000	0.333333	0.750000	0.500000	0.583333	0.416667	0.159100	0.463742	0.058092	0.271317	0.490000	0.916667
0.474025	0.114754	0.622951	0.770492	0.409836	0.721311	0.836066	0.852459	0.622951	0.852459	0.786885	0.934426	0.918033	0.097280	0.244618	0.086625	0.436530	0.660820	0.327869
SW
1.673937	-0.036372	0.767582	-1.121989	-0.770848	-0.511982	0.909246	-0.592979	-1.285268	-1.744229	-0.901080	-0.323385	-0.818894	-0.000174	0.030557	-0.101527	-0.000533	-0.331131	1.506592
-0.036372	6.196721	-1.360656	-0.393443	-1.868852	-0.049180	-0.852459	0.032787	0.639344	-1.967213	-2.508197	0.459016	-2.426230	-0.005862	-0.243726	-0.472172	0.362793	-0.205738	1.704918
0.767582	-1.360656	17.244536	1.887978	2.092896	2.090164	2.229508	2.606557	3.994536	1.356557	0.598361	-1.591530	-0.801913	-0.239552	-1.765077	-0.975776	0.094562	0.738852	-2.875683
-1.121989	-0.393443	1.887978	12.453552	2.404372	3.098361	0.704918	3.934426	3.387978	-2.565574	-1.983607	-1.751366	-2.314208	0.251725	0.184836	0.074828	-0.880754	0.601475	2.423497
-0.770848	-1.868852	2.092896	2.404372	17.420765	8.967213	4.098361	-0.311475	3.092896	1.688525	3.327869	3.306011	2.382514	-0.666108	-0.100717	-0.304781	1.373996	2.509508	-1.863388
-0.511982	-0.049180	2.090164	3.098361	8.967213	15.262295	7.213115	2.491803	2.590164	-0.008197	5.377049	3.385246	0.106557	-0.144634	-1.344843	-0.125132	0.816602	1.173934	-1.926230
0.909246	-0.852459	2.229508	0.704918	4.098361	7.213115	8.360656	1.524590	1.229508	-0.475410	3.868852	1.344262	1.180328	-0.585497	-0.996120	-0.349754	0.179295	0.868197	-2.721311
-0.592979	0.032787	2.606557	3.934426	-0.311475	2.491803	1.524590	7.672131	5.606557	-0.327869	-0.918033	-0.590164	-0.737705	0.161223	0.019462	0.164421	-0.234034	-0.822623	-1.049180
-1.285268	0.639344	3.994536	3.387978	3.092896	2.590164	1.229508	5.606557	16.994536	2.606557	-0.901639	2.158470	-0.551913	-0.307852	-2.448152	-0.923001	1.536312	-0.181148	-4.125683
-1.744229	-1.967213	1.356557	-2.565574	1.688525	-0.008197	-0.475410	-0.327869	2.606557	9.922131	5.581967	2.159836	3.512295	-0.698977	-0.998413	-0.115404	0.975216	1.147377	-5.299180
-0.901080	-2.508197	0.598361	-1.983607	3.327869	5.377049	3.868852	-0.918033	-0.901639	5.581967	13.229508	2.647541	4.434426	-0.481856	-0.992716	-0.006230	0.674984	1.560656	-7.237705
-0.323385	0.459016	-1.591530	-1.751366	3.306011	3.385246	1.344262	-0.590164	2.158470	2.159836	2.647541	6.654372	1.755464	-0.010179	-1.067020	-0.066343	1.986501	1.433279	-3.105191
-0.818894	-2.426230	-0.801913	-2.314208	2.382514	0.106557	1.180328	-0.737705	-0.551913	3.512295	4.434426	1.755464	7.506831	-1.295898	-0.203618	0.070065	0.616664	1.454098	-2.943989
-0.000174	-0.005862	-0.239552	0.251725	-0.666108	-0.144634	-0.585497	0.161223	-0.307852	-0.698977	-0.481856	-0.010179	-1.295898	0.606398	0.373805	0.232579	-0.171564	-0.423195	0.433993
0.030557	-0.243726	-1.765077	0.184836	-0.100717	-1.344843	-0.996120	0.019462	-2.448152	-0.998413	-0.992716	-1.067020	-0.203618	0.373805	2.530959	0.430964	-0.754558	-0.255479	1.530681
-0.101527	-0.472172	-0.975776	0.074828	-0.304781	-0.125132	-0.349754	0.164421	-0.923001	-0.115404	-0.006230	-0.066343	0.070065	0.232579	0.430964	0.589545	-0.175297	-0.162541	0.611100
-0.000533	0.362793	0.094562	-0.880754	1.373996	0.816602	0.179295	-0.234034	1.536312	0.975216	0.674984	1.986501	0.616664	-0.171564	-0.754558	-0.175297	1.061955	0.619137	-1.412973
-0.331131	-0.205738	0.738852	0.601475	2.509508	1.173934	0.868197	-0.822623	-0.181148	1.147377	1.560656	1.433279	1.454098	-0.423195	-0.255479	-0.162541	0.619137	3.427659	-1.326393
1.506592	1.704918	-2.875683	2.423497	-1.863388	-1.926230	-2.721311	-1.049180	-4.125683	-5.299180	-7.237705	-3.105191	-2.943989	0.433993	1.530681	0.611100	-1.412973	-1.326393	14.359290
SB
0.003889	0.177771	0.007494	0.054807	0.016014	0.034198	0.089809	0.099904	0.007494	0.099904	0.062751	0.158438	0.145656	0.192811	0.085127	0.202283	0.009971	0.015484	0.043478
0.177771	0.013169	0.388068	0.593658	0.167966	0.520290	0.699006	0.726686	0.388068	0.726686	0.619188	0.873152	0.842784	0.009463	0.059838	0.007504	0.190558	0.436683	0.107498
0.007494	0.388068	0.001570	0.035028	0.030101	0.019038	0.063874	0.072429	0.001570	0.072429	0.041433	0.123266	0.112024	0.236248	0.114728	0.246720	0.021551	0.006004	0.065262
0.054807	0.593658	0.035028	0.003949	0.179350	0.012549	0.000007	0.000366	0.044261	0.000366	0.002157	0.010220	0.007174	0.541774	0.346586	0.557574	0.157453	0.029761	0.255494
0.016014	0.167966	0.030101	0.179350	0.005853	0.150527	0.252740	0.269491	0.083878	0.269491	0.205709	0.361313	0.341873	0.055721	0.007870	0.060865	0.010649	0.107247	0.000030
0.034198	0.520290	0.019038	0.012549	0.150527	0.048979	0.112940	0.124227	0.015117	0.124227	0.082303	0.188726	0.174751	0.162183	0.065220	0.170879	0.004029	0.025863	0.029629
0.089809	0.699006	0.063874	0.000007	0.252740	0.112940	0.026874	0.021768	0.142166	0.021768	0.045418	0.004300	0.006719	0.814903	0.570602	0.834255	0.317499	0.115043	0.451760
0.099904	0.726686	0.072429	0.000366	0.269491	0.124227	0.021768	0.021768	0.142166	0.021768	0.045418	0.004300	0.006719	0.814903	0.570602	0.834255	0.317499	0.115043	0.451760
0.007494	0.388068	0.001570	0.044261	0.083878	0.015117	0.142166	0.142166	0.083878	0.269491	0.205709	0.361313	0.341873	0.055721	0.007870	0.060865	0.010649	0.107247	0.000030
0.099904	0.726686	0.072429	0.000366	0.269491	0.124227	0.021768	0.021768	0.269491	0.010498	0.001361	0.034013	0.028235	0.426043	0.255411	0.440067	0.098264	0.007953	0.178195
0.062751	0.619188	0.041433	0.002157	0.205709	0.082303	0.045418	0.045418	0.205709	0.001361	0.082303	0.188726	0.174751	0.162183	0.065220	0.170879	0.004029	0.025863	0.029629
0.158438	0.873152	0.123266	0.010220	0.361313	0.188726	0.004300	0.004300	0.361313	0.034013	0.188726	0.123266	0.112024	0.236248	0.114728	0.246720	0.021551	0.006004	0.065262
0.145656	0.842784	0.112024	0.007174	0.341873	0.174751	0.006719	0.006719	0.341873	0.028235	0.174751	0.112024	0.251368	0.102008	0.029601	0.108928	0.000395	0.059611	0.007885
0.192811	0.009463	0.236248	0.541774	0.055721	0.162183	0.814903	0.814903	0.055721	0.426043	0.162183	0.236248	0.102008	0.003822	0.007313	0.005253	0.076967	0.251723	0.028483
0.085127	0.059838	0.114728	0.346586	0.007870	0.065220	0.570602	0.570602	0.007870	0.255411	0.065220	0.114728	0.029601	0.007313	0.048015	0.142217	0.000741	0.038840	0.018461
0.202283	0.007504	0.246720	0.557574	0.060865	0.170879	0.834255	0.834255	0.060865	0.440067	0.170879	0.246720	0.108928	0.005253	0.142217	0.000814	0.143215	0.363281	0.072780
0.009971	0.190558	0.021551	0.157453	0.010649	0.004029	0.317499	0.317499	0.010649	0.098264	0.004029	0.021551	0.000395	0.076967	0.000741	0.143215	0.027295	0.151713	0.003198
0.015484	0.436683	0.006004	0.029761	0.107247	0.025863	0.115043	0.115043	0.107247	0.007953	0.025863	0.006004	0.059611	0.251723	0.038840	0.363281	0.151713	0.029179	0.026287
0.043478	0.107498	0.065262	0.255494	0.000030	0.029629	0.451760	0.451760	0.000030	0.178195	0.029629	0.065262	0.007885	0.028483	0.018461	0.072780	0.003198	0.026287	0.346683

wegight[fold=7]
0.072218	-0.018688	-0.004141	0.004366	0.005674	-0.018024	0.023768	0.025566	-0.021102	0.003351	-0.012316	-0.029088	-0.049511	-0.081048	0.104445	-0.154296	-0.155405	-0.000982	0.043175
J(w) : 0.005046
