total mean
0.505539	0.073770	0.569672	0.785519	0.363388	0.568989	0.918033	0.926230	0.511612	0.801230	0.585383	0.792350	0.700820	0.121575	0.352537	0.075377	0.364581	0.578135	0.638661
mean of class
0.535208	0.000000	0.500000	0.833333	0.333333	0.416667	1.000000	1.000000	0.416667	0.750000	0.416667	0.666667	0.500000	0.143950	0.442050	0.057433	0.292633	0.492500	0.916667
0.475870	0.147541	0.639344	0.737705	0.393443	0.721311	0.836066	0.852459	0.606557	0.852459	0.754098	0.918033	0.901639	0.099200	0.263025	0.093321	0.436528	0.663770	0.360656
SW
1.841663	-0.071434	0.680501	-0.893255	-0.505525	-0.543943	0.927705	-0.421366	-1.269250	-1.562041	-0.960484	-0.029114	-0.525127	-0.007245	0.033536	-0.133046	-0.084874	-0.393901	1.305458
-0.071434	7.672131	-0.754098	-0.639344	-2.540984	0.508197	-0.524590	0.327869	0.540984	-1.672131	-2.786885	0.737705	-2.114754	0.003100	-0.262921	-0.631492	0.117649	-0.553934	0.754098
0.680501	-0.754098	17.065574	1.229508	2.655738	2.368852	2.393443	1.754098	2.844262	1.254098	0.090164	-1.803279	-1.163934	-0.317400	-0.977459	-0.901931	-0.035787	0.707951	-2.565574
-0.893255	-0.639344	1.229508	13.469945	1.961749	2.374317	0.377049	3.639344	2.538251	-2.860656	-3.101093	-1.978142	-2.573770	0.238900	0.624093	0.297108	-0.941887	0.485328	2.603825
-0.505525	-2.540984	2.655738	1.961749	17.224044	9.021858	3.934426	0.540984	3.775956	2.540984	4.234973	3.300546	2.360656	-0.606100	-0.240790	-0.302145	1.422998	2.779508	-1.322404
-0.543943	0.508197	2.368852	2.374317	9.021858	15.178962	7.213115	2.491803	2.228142	0.741803	4.736339	3.273224	-0.172131	-0.201850	-0.939332	-0.046104	0.911507	1.381598	-1.452186
0.927705	-0.524590	2.393443	0.377049	3.934426	7.213115	8.360656	1.524590	1.065574	-0.475410	3.540984	1.180328	1.016393	-0.566300	-0.812054	-0.282787	0.179279	0.897705	-2.393443
-0.421366	0.327869	1.754098	3.639344	0.540984	2.491803	1.524590	7.672131	5.459016	-0.327869	-0.213115	0.262295	0.114754	0.100500	0.121921	0.008592	-0.559549	-0.956066	-1.754098
-1.269250	0.540984	2.844262	2.538251	3.775956	2.228142	1.065574	5.459016	17.474044	1.709016	0.015027	2.699454	0.139344	-0.325850	-2.514860	-0.922955	1.455502	-0.122008	-3.927596
-1.562041	-1.672131	1.254098	-2.860656	2.540984	0.741803	-0.475410	-0.327869	1.709016	9.922131	7.036885	2.262295	3.614754	-0.623350	-0.700729	-0.265308	0.457851	0.991434	-6.004098
-0.960484	-2.786885	0.090164	-3.101093	4.234973	4.736339	3.540984	-0.213115	0.015027	7.036885	14.228142	3.437158	5.024590	-0.621150	-1.264881	-0.095447	0.945351	2.154057	-7.173497
-0.029114	0.737705	-1.803279	-1.978142	3.300546	3.273224	1.180328	0.262295	2.699454	2.262295	3.437158	7.256831	2.508197	0.071800	-1.377477	-0.174160	1.748673	1.378852	-3.530055
-0.525127	-2.114754	-1.163934	-2.573770	2.360656	-0.172131	1.016393	0.114754	0.139344	3.614754	5.024590	2.508197	8.409836	-1.242300	-0.539052	-0.032372	0.421467	1.407623	-3.336066
-0.007245	0.003100	-0.317400	0.238900	-0.606100	-0.201850	-0.566300	0.100500	-0.325850	-0.623350	-0.621150	0.071800	-1.242300	0.581682	0.388111	0.218522	-0.153009	-0.412107	0.441850
0.033536	-0.262921	-0.977459	0.624093	-0.240790	-0.939332	-0.812054	0.121921	-2.514860	-0.700729	-1.264881	-1.377477	-0.539052	0.388111	2.549519	0.464728	-0.710065	-0.247129	1.410309
-0.133046	-0.631492	-0.901931	0.297108	-0.302145	-0.046104	-0.282787	0.008592	-0.922955	-0.265308	-0.095447	-0.174160	-0.032372	0.218522	0.464728	0.618371	-0.140025	-0.190706	0.600564
-0.084874	0.117649	-0.035787	-0.941887	1.422998	0.911507	0.179279	-0.559549	1.455502	0.457851	0.945351	1.748673	0.421467	-0.153009	-0.710065	-0.140025	1.070802	0.583241	-1.218180
-0.393901	-0.553934	0.707951	0.485328	2.779508	1.381598	0.897705	-0.956066	-0.122008	0.991434	2.154057	1.378852	1.407623	-0.412107	-0.247129	-0.190706	0.583241	3.392658	-1.290451
1.305458	0.754098	-2.565574	2.603825	-1.322404	-1.452186	-2.393443	-1.754098	-3.927596	-6.004098	-7.173497	-3.530055	-3.336066	0.441850	1.410309	0.600564	-1.218180	-1.290451	14.982240
SB
0.003521	0.150286	0.010844	0.041005	0.020098	0.034634	0.090515	0.100648	0.005091	0.100648	0.047913	0.146555	0.134272	0.190103	0.074084	0.195264	0.009738	0.016528	0.030469
0.150286	0.021768	0.408761	0.544209	0.154797	0.520290	0.699006	0.726686	0.367912	0.726686	0.568664	0.842784	0.812954	0.009841	0.069182	0.008709	0.190557	0.440591	0.130073
0.010844	0.408761	0.019417	0.056504	0.011354	0.048979	0.112940	0.124227	0.011354	0.124227	0.064566	0.174751	0.161314	0.160641	0.056157	0.165388	0.004029	0.026821	0.019417
0.041005	0.544209	0.056504	0.009145	0.193504	0.012549	0.000007	0.000366	0.051427	0.000366	0.006278	0.007174	0.004666	0.538952	0.325252	0.547618	0.157455	0.028752	0.223424
0.020098	0.154797	0.011354	0.193504	0.003613	0.150527	0.252740	0.269491	0.074651	0.269491	0.177043	0.341873	0.322972	0.054818	0.004943	0.057606	0.010649	0.109189	0.000747
0.034634	0.520290	0.048979	0.012549	0.150527	0.092808	0.175895	0.189915	0.036058	0.189915	0.113860	0.251368	0.235198	0.100785	0.023606	0.104552	0.000394	0.061060	0.003137
0.090515	0.699006	0.112940	0.000007	0.252740	0.175895	0.026874	0.021768	0.154797	0.021768	0.060468	0.006719	0.009675	0.811441	0.543133	0.822066	0.317501	0.113050	0.408761
0.100648	0.726686	0.124227	0.000366	0.269491	0.189915	0.021768	0.021768	0.154797	0.021768	0.060468	0.006719	0.009675	0.811441	0.543133	0.822066	0.317501	0.113050	0.408761
0.005091	0.367912	0.011354	0.051427	0.074651	0.036058	0.154797	0.154797	0.036058	0.189915	0.113860	0.251368	0.235198	0.100785	0.023606	0.104552	0.000394	0.061060	0.003137
0.100648	0.726686	0.124227	0.000366	0.269491	0.189915	0.021768	0.021768	0.189915	0.010498	0.000017	0.028235	0.022994	0.423541	0.237145	0.431227	0.098265	0.007436	0.151589
0.047913	0.568664	0.064566	0.006278	0.177043	0.113860	0.060468	0.060468	0.113860	0.000017	0.113860	0.251368	0.235198	0.100785	0.023606	0.104552	0.000394	0.061060	0.003137
0.146555	0.842784	0.174751	0.007174	0.341873	0.251368	0.006719	0.006719	0.251368	0.028235	0.251368	0.063185	0.055212	0.322018	0.162927	0.328725	0.052964	0.000008	0.093643
0.134272	0.812954	0.161314	0.004666	0.322972	0.235198	0.009675	0.009675	0.235198	0.022994	0.235198	0.055212	0.161314	0.160641	0.056157	0.165388	0.004029	0.026821	0.019417
0.190103	0.009841	0.160641	0.538952	0.054818	0.100785	0.811441	0.811441	0.100785	0.423541	0.100785	0.322018	0.160641	0.002003	0.014179	0.002563	0.085602	0.270213	0.046961
0.074084	0.069182	0.056157	0.325252	0.004943	0.023606	0.543133	0.543133	0.023606	0.237145	0.023606	0.162927	0.056157	0.014179	0.032050	0.121612	0.000030	0.049160	0.006625
0.195264	0.008709	0.165388	0.547618	0.057606	0.104552	0.822066	0.822066	0.104552	0.431227	0.104552	0.328725	0.165388	0.002563	0.121612	0.001288	0.143713	0.367645	0.091944
0.009738	0.190557	0.004029	0.157455	0.010649	0.000394	0.317501	0.317501	0.000394	0.098265	0.000394	0.052964	0.004029	0.085602	0.000030	0.143713	0.020706	0.137743	0.004627
0.016528	0.440591	0.026821	0.028752	0.109189	0.061060	0.113050	0.113050	0.061060	0.007436	0.061060	0.000008	0.026821	0.270213	0.049160	0.367645	0.137743	0.029334	0.017383
0.030469	0.130073	0.019417	0.223424	0.000747	0.003137	0.408761	0.408761	0.003137	0.151589	0.003137	0.093643	0.019417	0.046961	0.006625	0.091944	0.004627	0.017383	0.309148

wegight[fold=4]
0.056229	-0.019542	-0.009391	0.006366	0.009767	-0.024422	0.029714	0.020297	-0.015037	0.005749	-0.015238	-0.009737	-0.037301	-0.066076	0.086920	-0.137910	-0.129764	-0.009709	0.037709
J(w) : 0.007949
