total mean
0.502680	0.073770	0.594262	0.810109	0.338115	0.585383	0.926230	0.934426	0.494536	0.751366	0.627049	0.750683	0.700820	0.125052	0.363597	0.075511	0.345233	0.565772	0.638661
mean of class
0.538725	0.000000	0.500000	0.833333	0.250000	0.416667	1.000000	1.000000	0.333333	0.666667	0.500000	0.583333	0.500000	0.152608	0.464050	0.064267	0.257750	0.464167	0.916667
0.466634	0.147541	0.688525	0.786885	0.426230	0.754098	0.852459	0.868852	0.655738	0.836066	0.754098	0.918033	0.901639	0.097495	0.263144	0.086756	0.432716	0.667377	0.360656
SW
1.698643	0.011690	0.535104	-0.546602	-0.762870	-0.511009	0.664510	-0.126125	-1.327477	-1.643356	-1.049734	-0.128103	-0.601643	0.032148	0.054871	-0.081087	-0.126849	-0.383645	1.512168
0.011690	7.672131	-1.196721	-1.081967	-2.836066	0.213115	-0.672131	0.180328	0.098361	-1.524590	-2.786885	0.737705	-2.114754	0.018444	-0.263998	-0.572402	0.151952	-0.586393	0.754098
0.535104	-1.196721	16.081967	0.950820	2.598361	2.827869	2.196721	2.508197	2.459016	1.885246	1.327869	-2.057377	-0.868852	-0.257743	-1.569059	-0.811441	0.000911	0.355164	-3.647541
-0.546602	-1.081967	0.950820	11.896175	3.040984	2.636612	1.081967	2.295082	2.191257	-2.797814	-2.196721	-1.898907	-2.278689	0.209153	0.456775	0.073258	-0.882387	0.284235	1.521858
-0.762870	-2.836066	2.598361	3.040984	17.168033	8.143443	3.836066	0.409836	2.950820	2.262295	4.893443	3.381148	3.057377	-0.772197	-0.141201	-0.126549	1.348624	2.975697	-2.127049
-0.511009	0.213115	2.827869	2.636612	8.143443	14.228142	6.786885	2.032787	1.169399	0.207650	5.811475	2.853825	0.024590	-0.105515	-1.041986	-0.073597	0.690596	1.109822	-2.173497
0.664510	-0.672131	2.196721	1.081967	3.836066	6.786885	7.672131	1.819672	0.901639	-0.475410	3.786885	1.262295	1.114754	-0.512044	-1.007102	-0.263298	0.150348	0.726393	-2.754098
-0.126125	0.180328	2.508197	2.295082	0.409836	2.032787	1.819672	6.950820	5.245902	0.688525	0.032787	0.344262	0.213115	0.156561	-0.259146	-0.121454	-0.212669	-0.410984	-2.114754
-1.327477	0.098361	2.459016	2.191257	2.950820	1.169399	0.901639	5.245902	16.437158	2.890710	0.836066	2.945355	0.934426	-0.394037	-3.081270	-0.897496	1.707344	0.178251	-5.092896
-1.643356	-1.524590	1.885246	-2.797814	2.262295	0.207650	-0.475410	0.688525	2.890710	11.027322	6.540984	2.513661	4.016393	-0.739216	-0.899057	-0.296376	0.706964	1.340437	-5.726776
-1.049734	-2.786885	1.327869	-2.196721	4.893443	5.811475	3.786885	0.032787	0.836066	6.540984	14.311475	3.270492	4.524590	-0.517924	-1.357536	-0.196164	0.874646	2.205656	-7.090164
-0.128103	0.737705	-2.057377	-1.898907	3.381148	2.853825	1.262295	0.344262	2.945355	2.513661	3.270492	7.506831	3.008197	-0.074183	-1.304429	-0.211588	1.778032	1.427719	-3.613388
-0.601643	-2.114754	-0.868852	-2.278689	3.057377	0.024590	1.114754	0.213115	0.934426	4.016393	4.524590	3.008197	8.409836	-1.304480	-0.670334	-0.112766	0.607898	1.599262	-3.336066
0.032148	0.018444	-0.257743	0.209153	-0.772197	-0.105515	-0.512044	0.156561	-0.394037	-0.739216	-0.517924	-0.074183	-1.304480	0.600334	0.416826	0.237838	-0.202822	-0.468980	0.488017
0.054871	-0.263998	-1.569059	0.456775	-0.141201	-1.041986	-1.007102	-0.259146	-3.081270	-0.899057	-1.357536	-1.304429	-0.670334	0.416826	2.678865	0.515760	-0.744393	-0.344595	1.429676
-0.081087	-0.572402	-0.811441	0.073258	-0.126549	-0.073597	-0.263298	-0.121454	-0.897496	-0.296376	-0.196164	-0.211588	-0.112766	0.237838	0.515760	0.603096	-0.123563	-0.144966	0.751840
-0.126849	0.151952	0.000911	-0.882387	1.348624	0.690596	0.150348	-0.212669	1.707344	0.706964	0.874646	1.778032	0.607898	-0.202822	-0.744393	-0.123563	1.111739	0.638053	-1.169211
-0.383645	-0.586393	0.355164	0.284235	2.975697	1.109822	0.726393	-0.410984	0.178251	1.340437	2.205656	1.427719	1.599262	-0.468980	-0.344595	-0.144966	0.638053	3.310072	-1.398128
1.512168	0.754098	-3.647541	1.521858	-2.127049	-2.173497	-2.754098	-2.114754	-5.092896	-5.726776	-7.090164	-3.613388	-3.336066	0.488017	1.429676	0.751840	-1.169211	-1.398128	14.982240
SB
0.005197	0.153025	0.022440	0.061584	0.012655	0.046386	0.098429	0.108984	0.013692	0.088411	0.046386	0.143874	0.131707	0.194684	0.075945	0.204276	0.011238	0.016551	0.031709
0.153025	0.021768	0.474066	0.619188	0.181672	0.568664	0.726686	0.754905	0.429992	0.699006	0.568664	0.842784	0.812954	0.009505	0.069245	0.007527	0.187243	0.445392	0.130073
0.022440	0.474066	0.035542	0.082303	0.005442	0.064566	0.124227	0.136052	0.024254	0.112940	0.064566	0.174751	0.161314	0.162010	0.056101	0.170771	0.004527	0.028015	0.019417
0.061584	0.619188	0.082303	0.002157	0.165734	0.006278	0.000366	0.001262	0.031540	0.000007	0.006278	0.007174	0.004666	0.541458	0.325116	0.557378	0.160494	0.027541	0.223424
0.012655	0.181672	0.005442	0.165734	0.031057	0.254115	0.362957	0.382978	0.164623	0.343473	0.254115	0.446268	0.424634	0.023258	0.000173	0.026649	0.033385	0.174204	0.012245
0.046386	0.568664	0.064566	0.006278	0.254115	0.113860	0.189915	0.204472	0.057155	0.175895	0.113860	0.251368	0.235198	0.101871	0.023569	0.108841	0.000258	0.062856	0.003137
0.098429	0.726686	0.124227	0.000366	0.362957	0.189915	0.021768	0.017200	0.118517	0.026874	0.060468	0.006719	0.009675	0.814515	0.542956	0.834015	0.321811	0.110638	0.408761
0.108984	0.754905	0.136052	0.001262	0.382978	0.204472	0.017200	0.017200	0.118517	0.026874	0.060468	0.006719	0.009675	0.814515	0.542956	0.834015	0.321811	0.110638	0.408761
0.013692	0.429992	0.024254	0.031540	0.164623	0.057155	0.118517	0.118517	0.103945	0.252740	0.177043	0.341873	0.322972	0.055620	0.004927	0.060801	0.009877	0.111585	0.000747
0.088411	0.699006	0.112940	0.000007	0.343473	0.175895	0.026874	0.026874	0.252740	0.028696	0.007644	0.063185	0.055212	0.323956	0.162830	0.336297	0.054733	0.000001	0.093643
0.046386	0.568664	0.064566	0.006278	0.254115	0.113860	0.060468	0.060468	0.177043	0.007644	0.064566	0.174751	0.161314	0.162010	0.056101	0.170771	0.004527	0.028015	0.019417
0.143874	0.842784	0.174751	0.007174	0.446268	0.251368	0.006719	0.006719	0.341873	0.063185	0.174751	0.112024	0.101319	0.236039	0.102521	0.246589	0.022685	0.007063	0.049585
0.131707	0.812954	0.161314	0.004666	0.424634	0.235198	0.009675	0.009675	0.322972	0.055212	0.161314	0.101319	0.161314	0.162010	0.056101	0.170771	0.004527	0.028015	0.019417
0.194684	0.009505	0.162010	0.541458	0.023258	0.101871	0.814515	0.814515	0.055620	0.323956	0.162010	0.236039	0.162010	0.003037	0.012218	0.004337	0.078461	0.264987	0.043284
0.075945	0.069245	0.056101	0.325116	0.000173	0.023569	0.542956	0.542956	0.004927	0.162830	0.056101	0.102521	0.056101	0.012218	0.040363	0.142351	0.000982	0.041342	0.010690
0.204276	0.007527	0.170771	0.557378	0.026649	0.108841	0.834015	0.834015	0.060801	0.336297	0.170771	0.246589	0.170771	0.004337	0.142351	0.000506	0.135755	0.363742	0.087846
0.011238	0.187243	0.004527	0.160494	0.033385	0.000258	0.321811	0.321811	0.009877	0.054733	0.004527	0.022685	0.004527	0.078461	0.000982	0.135755	0.030613	0.167794	0.010590
0.016551	0.445392	0.028015	0.027541	0.174204	0.062856	0.110638	0.110638	0.111585	0.000001	0.028015	0.007063	0.028015	0.264987	0.041342	0.363742	0.167794	0.041294	0.010715
0.031709	0.130073	0.019417	0.223424	0.012245	0.003137	0.408761	0.408761	0.000747	0.093643	0.019417	0.049585	0.019417	0.043284	0.010690	0.087846	0.010590	0.010715	0.309148

wegight[fold=2]
0.073219	-0.021198	-0.013339	0.004039	0.002711	-0.022830	0.026851	0.023488	-0.021246	-0.002579	-0.007202	-0.021519	-0.029079	-0.042551	0.084570	-0.126096	-0.143190	-0.011443	0.038709
J(w) : 0.006569
