total mean
0.503719	0.065574	0.586066	0.793716	0.396175	0.643443	0.942623	0.942623	0.544399	0.759563	0.601776	0.792350	0.709016	0.122313	0.355061	0.073586	0.367491	0.567056	0.605874
mean of class
0.538725	0.000000	0.500000	0.833333	0.333333	0.500000	1.000000	1.000000	0.416667	0.666667	0.416667	0.666667	0.500000	0.155858	0.463433	0.064658	0.298450	0.480833	0.916667
0.468713	0.131148	0.672131	0.754098	0.459016	0.786885	0.885246	0.885246	0.672131	0.852459	0.786885	0.918033	0.918033	0.088767	0.246689	0.082513	0.436531	0.653279	0.295082
SW
1.689780	0.081395	0.536212	-0.666653	-0.645167	-0.251780	0.886592	-0.212008	-1.220863	-1.471582	-0.980655	-0.093034	-0.438184	-0.029836	0.048902	-0.108697	-0.150252	-0.364168	1.622989
0.081395	6.950820	-1.377049	-1.032787	-2.672131	0.704918	-0.081967	0.918033	0.622951	-1.819672	-2.295082	0.655738	-2.344262	0.133862	-0.032808	-0.467505	0.089051	-0.806230	0.639344
0.536212	-1.377049	16.442623	2.081967	2.180328	2.737705	1.704918	2.704918	2.942623	1.049180	0.237705	-1.639344	-1.639344	0.165194	-0.798530	-0.564188	0.056323	0.700574	-1.598361
-0.666653	-1.032787	2.081967	12.978142	2.551913	2.803279	1.278689	3.278689	2.915301	-2.879781	-2.363388	-1.896175	-2.229508	0.097925	0.359495	0.094013	-0.855133	0.380847	1.259563
-0.645167	-2.672131	2.180328	2.551913	17.814208	7.967213	3.213115	-0.786885	2.513661	2.464481	4.300546	3.628415	2.295082	-0.485815	-0.077212	-0.143001	1.421028	3.224863	-0.928962
-0.251780	0.704918	2.737705	2.803279	7.967213	13.229508	5.508197	0.508197	0.237705	0.081967	4.729508	2.934426	-1.065574	0.115224	-1.041749	-0.102280	0.837905	1.577623	-0.663934
0.886592	-0.081967	1.704918	1.278689	3.213115	5.508197	6.196721	0.196721	-0.295082	-1.032787	2.508197	1.426230	0.426230	-0.287630	-0.663380	-0.214108	0.288318	1.182951	-0.934426
-0.212008	0.918033	2.704918	3.278689	-0.786885	0.508197	0.196721	6.196721	4.704918	0.967213	-0.491803	0.426230	0.426230	-0.041030	-0.481280	-0.241008	-0.153582	-0.187049	-0.934426
-1.220863	0.622951	2.942623	2.915301	2.513661	0.237705	-0.295082	4.704918	16.359290	2.715847	-0.345628	3.027322	-0.139344	-0.029847	-2.732896	-0.797629	1.587273	0.411407	-2.681694
-1.471582	-1.819672	1.049180	-2.879781	2.464481	0.081967	-1.032787	0.967213	2.715847	10.338798	5.748634	2.928962	3.262295	-0.343862	-0.610170	-0.017549	0.889980	1.122842	-5.677596
-0.980655	-2.295082	0.237705	-2.363388	4.300546	4.729508	2.508197	-0.491803	-0.345628	5.748634	13.146175	3.601093	4.434426	-0.261518	-0.987416	0.045979	0.996755	2.118456	-6.747268
-0.093034	0.655738	-1.639344	-1.896175	3.628415	2.934426	1.426230	0.426230	3.027322	2.928962	3.601093	7.256831	2.590164	-0.075631	-1.630224	-0.286001	1.702156	1.419727	-3.857923
-0.438184	-2.344262	-1.639344	-2.229508	2.295082	-1.065574	0.426230	0.426230	-0.139344	3.262295	4.434426	2.590164	7.590164	-0.906714	-0.309457	0.179116	0.368656	1.271393	-3.024590
-0.029836	0.133862	0.165194	0.097925	-0.485815	0.115224	-0.287630	-0.041030	-0.029847	-0.343862	-0.261518	-0.075631	-0.906714	0.362363	0.135193	0.032884	-0.123011	-0.350397	0.116348
0.048902	-0.032808	-0.798530	0.359495	-0.077212	-1.041749	-0.663380	-0.481280	-2.732896	-0.610170	-0.987416	-1.630224	-0.309457	0.135193	2.453544	0.262444	-0.794097	-0.220927	1.197840
-0.108697	-0.467505	-0.564188	0.094013	-0.143001	-0.102280	-0.214108	-0.241008	-0.797629	-0.017549	0.045979	-0.286001	0.179116	0.032884	0.262444	0.463285	-0.082080	-0.094281	0.415322
-0.150252	0.089051	0.056323	-0.855133	1.421028	0.837905	0.288318	-0.153582	1.587273	0.889980	0.996755	1.702156	0.368656	-0.123011	-0.794097	-0.082080	1.026828	0.657221	-1.094211
-0.364168	-0.806230	0.700574	0.380847	3.224863	1.577623	1.182951	-0.187049	0.411407	1.122842	2.118456	1.419727	1.271393	-0.350397	-0.220927	-0.094281	0.657221	3.454636	-1.468183
1.622989	0.639344	-1.598361	1.259563	-0.928962	-0.663934	-0.934426	-0.934426	-2.681694	-5.677596	-6.747268	-3.857923	-3.024590	0.116348	1.197840	0.415322	-1.094211	-1.468183	13.605191
SB
0.004902	0.166119	0.017797	0.046386	0.006353	0.061584	0.120077	0.120077	0.017797	0.098429	0.061584	0.143874	0.143874	0.202462	0.085285	0.208129	0.010444	0.013123	0.059362
0.166119	0.017200	0.451760	0.568664	0.210696	0.619188	0.783660	0.783660	0.451760	0.726686	0.619188	0.842784	0.842784	0.007880	0.060855	0.006808	0.190559	0.426773	0.087073
0.017797	0.451760	0.029629	0.064566	0.001680	0.082303	0.148414	0.148414	0.029629	0.124227	0.082303	0.174751	0.174751	0.169112	0.064167	0.174295	0.004028	0.023494	0.041991
0.046386	0.568664	0.064566	0.006278	0.140113	0.002157	0.002695	0.002695	0.025986	0.000366	0.002157	0.007174	0.007174	0.554379	0.344152	0.563731	0.157452	0.032420	0.289715
0.006353	0.210696	0.001680	0.140113	0.015796	0.205709	0.304607	0.304607	0.114784	0.269491	0.205709	0.341873	0.341873	0.059813	0.007507	0.062911	0.010650	0.102365	0.001463
0.061584	0.619188	0.082303	0.002157	0.205709	0.082303	0.148414	0.148414	0.029629	0.124227	0.082303	0.174751	0.174751	0.169112	0.064167	0.174295	0.004028	0.023494	0.041991
0.120077	0.783660	0.148414	0.002695	0.304607	0.148414	0.013169	0.013169	0.107498	0.021768	0.045418	0.006719	0.006719	0.830345	0.567478	0.841782	0.317497	0.120216	0.496909
0.120077	0.783660	0.148414	0.002695	0.304607	0.148414	0.013169	0.013169	0.107498	0.021768	0.045418	0.006719	0.006719	0.830345	0.567478	0.841782	0.317497	0.120216	0.496909
0.017797	0.451760	0.029629	0.025986	0.114784	0.029629	0.107498	0.107498	0.065262	0.189915	0.137062	0.251368	0.251368	0.107518	0.028893	0.111659	0.000395	0.055985	0.014783
0.098429	0.726686	0.124227	0.000366	0.269491	0.124227	0.021768	0.021768	0.189915	0.034519	0.014453	0.063185	0.063185	0.333968	0.176382	0.341235	0.052962	0.000179	0.138075
0.061584	0.619188	0.082303	0.002157	0.205709	0.082303	0.045418	0.045418	0.137062	0.014453	0.137062	0.251368	0.251368	0.107518	0.028893	0.111659	0.000395	0.055985	0.014783
0.143874	0.842784	0.174751	0.007174	0.341873	0.174751	0.006719	0.006719	0.251368	0.063185	0.251368	0.063185	0.063185	0.333968	0.176382	0.341235	0.052962	0.000179	0.138075
0.143874	0.842784	0.174751	0.007174	0.341873	0.174751	0.006719	0.006719	0.251368	0.063185	0.251368	0.063185	0.174751	0.169112	0.064167	0.174295	0.004028	0.023494	0.041991
0.202462	0.007880	0.169112	0.554379	0.059813	0.169112	0.830345	0.830345	0.107518	0.333968	0.107518	0.333968	0.169112	0.004501	0.008250	0.005380	0.078777	0.247427	0.019383
0.085285	0.060855	0.064167	0.344152	0.007507	0.064167	0.567478	0.567478	0.028893	0.176382	0.028893	0.176382	0.064167	0.008250	0.046978	0.145100	0.000724	0.036041	0.028342
0.208129	0.006808	0.174295	0.563731	0.062911	0.174295	0.841782	0.841782	0.111659	0.341235	0.111659	0.341235	0.174295	0.005380	0.145100	0.000319	0.138289	0.346474	0.053095
0.010444	0.190559	0.004028	0.157452	0.010650	0.004028	0.317497	0.317497	0.000395	0.052962	0.000395	0.052962	0.004028	0.078777	0.000724	0.138289	0.019066	0.125903	0.000011
0.013123	0.426773	0.023494	0.032420	0.102365	0.023494	0.120216	0.120216	0.055985	0.000179	0.055985	0.000179	0.023494	0.247427	0.036041	0.346474	0.125903	0.029737	0.034504
0.059362	0.087073	0.041991	0.289715	0.001463	0.041991	0.496909	0.496909	0.014783	0.138075	0.014783	0.138075	0.041991	0.019383	0.028342	0.053095	0.000011	0.034504	0.386368

wegight[fold=6]
0.083943	-0.022037	-0.012756	0.006888	0.004763	-0.024060	0.032458	0.028613	-0.019713	-0.000146	-0.016820	-0.010117	-0.029196	0.031988	0.090958	-0.107092	-0.123242	-0.001451	0.048267
J(w) : 0.043438
