total mean
0.468198	0.336243	0.340795	0.282409	0.303073	0.380480	0.342346	0.283686	0.093711
mean of class
0.701134	0.628601	0.622427	0.519543	0.481990	0.717074	0.562756	0.529319	0.177978
0.235261	0.043886	0.059163	0.045275	0.124156	0.043887	0.121935	0.038054	0.009444
SW
28.984138	3.375148	4.452351	-0.487122	1.170618	1.519331	-0.048427	2.527887	0.798597
3.375148	24.226322	17.400700	8.093899	10.289908	2.989211	8.239818	10.400938	4.112540
4.452351	17.400700	24.388222	6.929838	9.099467	4.887335	7.368420	10.898729	2.563835
-0.487122	8.093899	6.929838	34.345111	5.598920	13.375096	6.550989	8.477121	3.719486
1.170618	10.289908	9.099467	5.598920	20.665929	3.065508	4.033342	6.668523	5.075067
1.519331	2.989211	4.887335	13.375096	3.065508	37.002618	3.682025	0.765390	1.007191
-0.048427	8.239818	7.368420	6.550989	4.033342	3.682025	20.030094	6.703858	1.176396
2.527887	10.400938	10.898729	8.477121	6.668523	0.765390	6.703858	36.384556	6.815439
0.798597	4.112540	2.563835	3.719486	5.075067	1.007191	1.176396	6.815439	16.702449
SB
0.217038	0.431975	0.412127	0.430152	0.332904	0.431974	0.335472	0.439675	0.478435
0.431975	0.341892	0.324260	0.340270	0.254465	0.341890	0.256710	0.348745	0.383355
0.412127	0.324260	0.317267	0.333105	0.248274	0.334709	0.250493	0.341492	0.375748
0.430152	0.340270	0.333105	0.224931	0.156331	0.226249	0.158092	0.231831	0.260201
0.332904	0.254465	0.248274	0.156331	0.128045	0.191934	0.129639	0.197079	0.223299
0.431974	0.341890	0.334709	0.226249	0.191934	0.453180	0.354190	0.461067	0.500739
0.335472	0.256710	0.250493	0.158092	0.129639	0.354190	0.194323	0.275312	0.306154
0.439675	0.348745	0.341492	0.231831	0.197079	0.461067	0.275312	0.241341	0.270269
0.478435	0.383355	0.375748	0.260201	0.223299	0.500739	0.306154	0.270269	0.028404

wegight[fold=7]
0.015059	0.007616	0.004246	0.009876	0.011550	0.015227	0.015030	0.008004	0.006705
[y from w and x]
0	0	0.072879
0	1	0.054522
0	2	0.071477
0	3	0.047495
0	4	0.051664
0	5	0.073274
0	6	0.063778
0	7	0.039205
0	8	0.063537
0	9	0.062522
0	10	0.057988
0	11	0.043282
0	12	0.061154
0	13	0.035836
0	14	0.047266
0	15	0.031434
0	16	0.059307
0	17	0.077229
0	18	0.060566
0	19	0.035342
0	20	0.052271
0	21	0.046634
0	22	0.033623
0	23	0.023866
0	24	0.062259
0	25	0.074066
0	26	0.051161
0	27	0.083727
0	28	0.053085
0	29	0.040916
0	30	0.035342
0	31	0.021886
0	32	0.067861
0	33	0.066043
0	34	0.058825
0	35	0.040916
0	36	0.056303
0	37	0.030825
0	38	0.046520
0	39	0.047266
0	40	0.047752
0	41	0.072861
0	42	0.071409
0	43	0.070236
0	44	0.079516
0	45	0.060327
0	46	0.058825
0	47	0.042939
0	48	0.065845
0	49	0.050295
0	50	0.053635
0	51	0.050729
0	52	0.046948
0	53	0.046948
0	54	0.044205
0	55	0.071040
0	56	0.071251
0	57	0.081818
0	58	0.053193
0	59	0.054020
0	60	0.079982
0	61	0.056664
0	62	0.043034
0	63	0.058825
0	64	0.062259
0	65	0.049332
0	66	0.061775
0	67	0.061775
0	68	0.045681
0	69	0.067337
0	70	0.053193
0	71	0.072861
0	72	0.061308
0	73	0.053635
0	74	0.041233
0	75	0.053759
0	76	0.055346
0	77	0.044696
0	78	0.041233
0	79	0.030688
0	80	0.053085
0	81	0.057329
0	82	0.041414
0	83	0.040916
0	84	0.083727
0	85	0.050007
0	86	0.034065
0	87	0.064198
0	88	0.059320
0	89	0.030825
0	90	0.025061
0	91	0.052271
0	92	0.064563
0	93	0.068826
0	94	0.051849
0	95	0.058158
0	96	0.052981
0	97	0.058890
0	98	0.045355
0	99	0.055265
0	100	0.060566
0	101	0.044696
0	102	0.060307
0	103	0.045358
0	104	0.067337
0	105	0.047266
0	106	0.059320
0	107	0.043166
0	108	0.056159
0	109	0.052339
0	110	0.034065
0	111	0.047752
0	112	0.063537
0	113	0.051664
0	114	0.033323
0	115	0.065388
0	116	0.063622
0	117	0.057584
0	118	0.062256
0	119	0.055265
0	120	0.084934
0	121	0.061490
0	122	0.038583
0	123	0.049835
0	124	0.052339
0	125	0.059982
0	126	0.062168
0	127	0.057584
0	128	0.053759
0	129	0.077229
0	130	0.043908
0	131	0.055090
0	132	0.025061
0	133	0.021886
0	134	0.059320
0	135	0.030688
0	136	0.044696
0	137	0.059596
0	138	0.057856
0	139	0.068826
0	140	0.041243
0	141	0.079982
0	142	0.067205
0	143	0.036506
0	144	0.055346
0	145	0.044782
0	146	0.060122
0	147	0.081818
0	148	0.049701
0	149	0.049835
0	150	0.071477
0	151	0.026865
0	152	0.053193
0	153	0.045076
0	154	0.035836
0	155	0.078128
0	156	0.057118
0	157	0.043712
0	158	0.083727
0	159	0.037143
0	160	0.044924
0	161	0.023182
0	162	0.051098
0	163	0.050295
0	164	0.029408
0	165	0.044458
0	166	0.031434
0	167	0.029408
0	168	0.035603
0	169	0.064563
0	170	0.052339
0	171	0.083291
0	172	0.045894
0	173	0.050357
0	174	0.056121
0	175	0.063278
0	176	0.058479
0	177	0.050357
0	178	0.064742
0	179	0.058344
0	180	0.051161
0	181	0.045515
0	182	0.053010
0	183	0.055265
0	184	0.039116
0	185	0.063278
0	186	0.070236
0	187	0.033323
0	188	0.062247
0	189	0.065388
0	190	0.043712
0	191	0.055346
0	192	0.046948
0	193	0.042247
0	194	0.042941
0	195	0.056664
0	196	0.050357
0	197	0.056975
0	198	0.038341
0	199	0.046200
0	200	0.058479
0	201	0.058035
0	202	0.059732
0	203	0.051335
0	204	0.056121
0	205	0.045515
0	206	0.042985
0	207	0.067861
0	208	0.053759
0	209	0.061868
0	210	0.046403
0	211	0.069285
0	212	0.048030
0	213	0.042941
0	214	0.062168
0	215	0.049835
1	0	0.011315
1	1	0.016415
1	2	0.004271
1	3	0.010534
1	4	0.008447
1	5	0.007969
1	6	0.004623
1	7	0.006299
1	8	0.006299
1	9	0.006299
1	10	0.002956
1	11	0.015659
1	12	0.003340
1	13	0.023843
1	14	0.041571
1	15	0.006768
1	16	0.005909
1	17	0.001670
1	18	0.002953
1	19	0.007972
1	20	0.006498
1	21	0.001670
1	22	0.004623
1	23	0.009661
1	24	0.033910
1	25	0.002953
1	26	0.012027
1	27	0.007975
1	28	0.003425
1	29	0.011844
1	30	0.007972
1	31	0.001283
1	32	0.001283
1	33	0.004623
1	34	0.004626
1	35	0.011844
1	36	0.011356
1	37	0.004629
1	38	0.017056
1	39	0.041571
1	40	0.011439
1	41	0.011320
1	42	0.011422
1	43	0.009645
1	44	0.005534
1	45	0.006192
1	46	0.016331
1	47	0.004623
1	48	0.001283
1	49	0.004629
1	50	0.008441
1	51	0.003343
1	52	0.007604
1	53	0.002956
1	54	0.006302
1	55	0.002956
1	56	0.002953
1	57	0.014104
1	58	0.006318
1	59	0.004626
1	60	0.009395
1	61	0.013011
1	62	0.009645
1	63	0.006771
1	64	0.033910
1	65	0.010534
1	66	0.002953
1	67	0.005720
1	68	0.010170
1	69	0.002566
1	70	0.001283
1	71	0.011320
1	72	0.008034
1	73	0.007969
1	74	0.003346
1	75	0.013509
1	76	0.002956
1	77	0.007969
1	78	0.003346
1	79	0.005726
1	80	0.006302
1	81	0.004623
1	82	0.007972
1	83	0.008367
1	84	0.000000
1	85	0.001283
1	86	0.011550
1	87	0.001283
1	88	0.002227
1	89	0.004629
1	90	0.002953
1	91	0.003478
1	92	0.012943
1	93	0.004623
1	94	0.008444
1	95	0.007972
1	96	0.012281
1	97	0.002953
1	98	0.006302
1	99	0.011249
1	100	0.002953
1	101	0.007969
1	102	0.010507
1	103	0.006299
1	104	0.007585
1	105	0.041571
1	106	0.002613
1	107	0.002953
1	108	0.001283
1	109	0.000000
1	110	0.010589
1	111	0.009645
1	112	0.012258
1	113	0.005932
1	114	0.001283
1	115	0.008050
1	116	0.009645
1	117	0.004743
1	118	0.006296
1	119	0.002953
1	120	0.009668
1	121	0.006296
1	122	0.028159
1	123	0.001283
1	124	0.005016
1	125	0.004629
1	126	0.011787
1	127	0.004743
1	128	0.011315
1	129	0.037247
1	130	0.007399
1	131	0.006299
1	132	0.002953
1	133	0.001283
1	134	0.002613
1	135	0.007006
1	136	0.007969
1	137	0.007969
1	138	0.045231
1	139	0.004623
1	140	0.006299
1	141	0.009395
1	142	0.006299
1	143	0.004623
1	144	0.002956
1	145	0.013933
1	146	0.008078
1	147	0.014089
1	148	0.009645
1	149	0.002956
1	150	0.010531
1	151	0.010170
1	152	0.007975
1	153	0.001283
1	154	0.009290
1	155	0.010170
1	156	0.007972
1	157	0.007044
1	158	0.000000
1	159	0.006296
1	160	0.004629
1	161	0.006296
1	162	0.003343
1	163	0.013431
1	164	0.007972
1	165	0.010531
1	166	0.006318
1	167	0.011315
1	168	0.005726
1	169	0.001673
1	170	0.013619
1	171	0.003896
1	172	0.008880
1	173	0.001283
1	174	0.010507
1	175	0.009668
1	176	0.007399
1	177	0.009290
1	178	0.006302
1	179	0.006299
1	180	0.011315
1	181	0.012180
1	182	0.011315
1	183	0.003698
1	184	0.014745
1	185	0.009645
1	186	0.004629
1	187	0.006296
1	188	0.009440
1	189	0.006768
1	190	0.002953
1	191	0.011273
1	192	0.012943
1	193	0.001670
1	194	0.010534
1	195	0.009642
1	196	0.010742
1	197	0.008951
1	198	0.005726
1	199	0.006296
1	200	0.010742
1	201	0.009645
1	202	0.007975
1	203	0.012027
1	204	0.008447
1	205	0.007582
1	206	0.002953
1	207	0.003425
1	208	0.006299
1	209	0.006299
1	210	0.001283
1	211	0.001283
1	212	0.004626
1	213	0.007044
1	214	0.002956
1	215	0.002956
1	216	0.012161
1	217	0.006692
1	218	0.013011
1	219	0.006771
1	220	0.001283
1	221	0.005016
1	222	0.006299
1	223	0.006296
1	224	0.012990
1	225	0.011315
1	226	0.002953
1	227	0.008951
1	228	0.013431
1	229	0.005016
1	230	0.001283
1	231	0.013509
1	232	0.006302
1	233	0.005016
1	234	0.006299
1	235	0.006299
1	236	0.006692
1	237	0.011787
1	238	0.002956
1	239	0.009395
1	240	0.027429
1	241	0.006667
1	242	0.007975
1	243	0.006299
1	244	0.051047
1	245	0.009686
1	246	0.005016
1	247	0.006302
1	248	0.008447
1	249	0.004623
1	250	0.009704
1	251	0.015926
1	252	0.009645
1	253	0.006302
1	254	0.006302
1	255	0.002566
1	256	0.014745
1	257	0.007969
1	258	0.008883
1	259	0.009723
1	260	0.006299
1	261	0.007975
1	262	0.011337
1	263	0.004626
1	264	0.006358
1	265	0.001283
1	266	0.013619
1	267	0.001283
1	268	0.004629
1	269	0.002956
1	270	0.005726
1	271	0.009723
1	272	0.007972
1	273	0.003346
1	274	0.010589
1	275	0.004623
1	276	0.015926
1	277	0.010589
1	278	0.029326
1	279	0.012258
1	280	0.008141
1	281	0.016989
1	282	0.030506
1	283	0.014089
1	284	0.005515
1	285	0.009290
1	286	0.011550
1	287	0.006299
1	288	0.006667
1	289	0.013619
1	290	0.006299
1	291	0.002953
1	292	0.006302
1	293	0.007972
1	294	0.002601
1	295	0.001283
1	296	0.004731
1	297	0.011836
1	298	0.006299
1	299	0.014864
1	300	0.008367
1	301	0.011422
1	302	0.009642
1	303	0.011439
1	304	0.012990
1	305	0.006299
1	306	0.007006
1	307	0.011249
1	308	0.011787
1	309	0.006299
1	310	0.006768
1	311	0.004731
1	312	0.009290
1	313	0.006774
1	314	0.006296
1	315	0.011836
1	316	0.008444
1	317	0.006692
1	318	0.032956
1	319	0.011315
1	320	0.037247
1	321	0.009642
1	322	0.004629
1	323	0.001283
1	324	0.014056
1	325	0.006302
1	326	0.004623
1	327	0.001283
1	328	0.012180
1	329	0.008447
1	330	0.001779
1	331	0.011315
1	332	0.021552
1	333	0.006299
1	334	0.011836
1	335	0.002613
1	336	0.000000
1	337	0.041571
1	338	0.045231
1	339	0.012990
1	340	0.037584
1	341	0.009642
1	342	0.001283
1	343	0.008050
1	344	0.016253
1	345	0.002953
1	346	0.006299
1	347	0.011787
1	348	0.003346
1	349	0.004629
1	350	0.001283
1	351	0.025805
1	352	0.005013
1	353	0.009459
1	354	0.005013
1	355	0.006299
1	356	0.016965
1	357	0.006302
1	358	0.007393
1	359	0.009345
1	360	0.014864
1	361	0.002613
1	362	0.009069
1	363	0.003340
1	364	0.010170
1	365	0.009645
1	366	0.002953
1	367	0.010114
1	368	0.001283
1	369	0.015926
1	370	0.002227
1	371	0.019233
1	372	0.001283
1	373	0.005993
1	374	0.001283
1	375	0.008444
1	376	0.011135
1	377	0.001283
1	378	0.002953
1	379	0.006318
1	380	0.007585
1	381	0.001283
1	382	0.003340
1	383	0.042190
1	384	0.014056
1	385	0.006296
1	386	0.013452
1	387	0.051047
1	388	0.008447
1	389	0.004623
1	390	0.000000
1	391	0.001283
1	392	0.010742
1	393	0.010170
1	394	0.033910
1	395	0.003896
1	396	0.003425
1	397	0.002953
1	398	0.007975
1	399	0.006192
J(w) : 0.029846
