total mean
0.468198	0.336243	0.340795	0.282409	0.303073	0.380480	0.342346	0.283686	0.093711
mean of class
0.701134	0.628601	0.622427	0.519543	0.481990	0.717074	0.562756	0.529319	0.177978
0.235261	0.043886	0.059163	0.045275	0.124156	0.043887	0.121935	0.038054	0.009444
SW
28.984138	3.375148	4.452351	-0.487122	1.170618	1.519331	-0.048427	2.527887	0.798597
3.375148	24.226322	17.400700	8.093899	10.289908	2.989211	8.239818	10.400938	4.112540
4.452351	17.400700	24.388222	6.929838	9.099467	4.887335	7.368420	10.898729	2.563835
-0.487122	8.093899	6.929838	34.345111	5.598920	13.375096	6.550989	8.477121	3.719486
1.170618	10.289908	9.099467	5.598920	20.665929	3.065508	4.033342	6.668523	5.075067
1.519331	2.989211	4.887335	13.375096	3.065508	37.002618	3.682025	0.765390	1.007191
-0.048427	8.239818	7.368420	6.550989	4.033342	3.682025	20.030094	6.703858	1.176396
2.527887	10.400938	10.898729	8.477121	6.668523	0.765390	6.703858	36.384556	6.815439
0.798597	4.112540	2.563835	3.719486	5.075067	1.007191	1.176396	6.815439	16.702449
SB
0.217038	0.431975	0.412127	0.430152	0.332904	0.431974	0.335472	0.439675	0.478435
0.431975	0.341892	0.324260	0.340270	0.254465	0.341890	0.256710	0.348745	0.383355
0.412127	0.324260	0.317267	0.333105	0.248274	0.334709	0.250493	0.341492	0.375748
0.430152	0.340270	0.333105	0.224931	0.156331	0.226249	0.158092	0.231831	0.260201
0.332904	0.254465	0.248274	0.156331	0.128045	0.191934	0.129639	0.197079	0.223299
0.431974	0.341890	0.334709	0.226249	0.191934	0.453180	0.354190	0.461067	0.500739
0.335472	0.256710	0.250493	0.158092	0.129639	0.354190	0.194323	0.275312	0.306154
0.439675	0.348745	0.341492	0.231831	0.197079	0.461067	0.275312	0.241341	0.270269
0.478435	0.383355	0.375748	0.260201	0.223299	0.500739	0.306154	0.270269	0.028404

wegight[fold=7]
0.015059	0.007616	0.004246	0.009876	0.011550	0.015227	0.015030	0.008004	0.006705
J(w) : 0.029846
