total mean
0.465234	0.332920	0.337076	0.288067	0.304338	0.387209	0.345134	0.281033	0.101567
mean of class
0.691874	0.621398	0.614711	0.530860	0.485076	0.729420	0.569444	0.526233	0.193411
0.238594	0.044441	0.059441	0.045275	0.123601	0.044998	0.120824	0.035832	0.009722
SW
28.718643	2.942725	4.448625	0.084293	0.523705	0.696939	0.564472	3.172284	0.488338
2.942725	23.558602	16.485254	8.965804	9.694148	2.047712	8.136119	10.459747	4.990038
4.448625	16.485254	24.165401	7.251037	7.875041	4.362484	6.887917	11.091142	3.013677
0.084293	8.965804	7.251037	33.505916	6.138736	11.248179	6.601539	8.972438	4.312263
0.523705	9.694148	7.875041	6.138736	20.421980	1.717934	3.311038	6.473323	5.550107
0.696939	2.047712	4.362484	11.248179	1.717934	36.414243	2.895884	1.344742	-0.266133
0.564472	8.136119	6.887917	6.601539	3.311038	2.895884	20.613732	6.776557	1.579852
3.172284	10.459747	11.091142	8.972438	6.473323	1.344742	6.776557	36.363754	7.270806
0.488338	4.990038	3.013677	4.312263	5.550107	-0.266133	1.579852	7.270806	18.610612
SB
0.205463	0.419169	0.399972	0.418091	0.322935	0.418449	0.326098	0.430391	0.465331
0.419169	0.332879	0.315796	0.331918	0.247802	0.332237	0.250574	0.342888	0.374148
0.399972	0.315796	0.308325	0.324258	0.241189	0.324573	0.243924	0.335100	0.366011
0.418091	0.331918	0.324258	0.235793	0.165860	0.236062	0.168129	0.245053	0.271585
0.322935	0.247802	0.241189	0.165860	0.130665	0.193669	0.132680	0.201821	0.225962
0.418449	0.332237	0.324573	0.236062	0.193669	0.468434	0.370389	0.481064	0.517965
0.326098	0.250574	0.243924	0.168129	0.132680	0.370389	0.201260	0.284742	0.313289
0.430391	0.342888	0.335100	0.245053	0.201821	0.481064	0.284742	0.240493	0.266784
0.465331	0.374148	0.366011	0.271585	0.225962	0.517965	0.313289	0.266784	0.033742

wegight[fold=3]
0.014756	0.008852	0.004160	0.009872	0.012375	0.016708	0.015454	0.007856	0.006383
J(w) : 0.031094
