total mean
0.465234	0.332920	0.337076	0.288067	0.304338	0.387209	0.345134	0.281033	0.101567
mean of class
0.691874	0.621398	0.614711	0.530860	0.485076	0.729420	0.569444	0.526233	0.193411
0.238594	0.044441	0.059441	0.045275	0.123601	0.044998	0.120824	0.035832	0.009722
SW
28.718643	2.942725	4.448625	0.084293	0.523705	0.696939	0.564472	3.172284	0.488338
2.942725	23.558602	16.485254	8.965804	9.694148	2.047712	8.136119	10.459747	4.990038
4.448625	16.485254	24.165401	7.251037	7.875041	4.362484	6.887917	11.091142	3.013677
0.084293	8.965804	7.251037	33.505916	6.138736	11.248179	6.601539	8.972438	4.312263
0.523705	9.694148	7.875041	6.138736	20.421980	1.717934	3.311038	6.473323	5.550107
0.696939	2.047712	4.362484	11.248179	1.717934	36.414243	2.895884	1.344742	-0.266133
0.564472	8.136119	6.887917	6.601539	3.311038	2.895884	20.613732	6.776557	1.579852
3.172284	10.459747	11.091142	8.972438	6.473323	1.344742	6.776557	36.363754	7.270806
0.488338	4.990038	3.013677	4.312263	5.550107	-0.266133	1.579852	7.270806	18.610612
SB
0.205463	0.419169	0.399972	0.418091	0.322935	0.418449	0.326098	0.430391	0.465331
0.419169	0.332879	0.315796	0.331918	0.247802	0.332237	0.250574	0.342888	0.374148
0.399972	0.315796	0.308325	0.324258	0.241189	0.324573	0.243924	0.335100	0.366011
0.418091	0.331918	0.324258	0.235793	0.165860	0.236062	0.168129	0.245053	0.271585
0.322935	0.247802	0.241189	0.165860	0.130665	0.193669	0.132680	0.201821	0.225962
0.418449	0.332237	0.324573	0.236062	0.193669	0.468434	0.370389	0.481064	0.517965
0.326098	0.250574	0.243924	0.168129	0.132680	0.370389	0.201260	0.284742	0.313289
0.430391	0.342888	0.335100	0.245053	0.201821	0.481064	0.284742	0.240493	0.266784
0.465331	0.374148	0.366011	0.271585	0.225962	0.517965	0.313289	0.266784	0.033742

wegight[fold=3]
0.014756	0.008852	0.004160	0.009872	0.012375	0.016708	0.015454	0.007856	0.006383
[y from w and x]
0	0	0.076101
0	1	0.056146
0	2	0.073110
0	3	0.050192
0	4	0.053076
0	5	0.076793
0	6	0.066218
0	7	0.040971
0	8	0.065805
0	9	0.064789
0	10	0.059571
0	11	0.045315
0	12	0.064123
0	13	0.037952
0	14	0.049579
0	15	0.032162
0	16	0.061693
0	17	0.079992
0	18	0.062632
0	19	0.037112
0	20	0.054311
0	21	0.048508
0	22	0.034229
0	23	0.024499
0	24	0.064688
0	25	0.076917
0	26	0.052845
0	27	0.086600
0	28	0.055453
0	29	0.042325
0	30	0.037112
0	31	0.022509
0	32	0.070789
0	33	0.069270
0	34	0.062108
0	35	0.042325
0	36	0.059076
0	37	0.031970
0	38	0.047691
0	39	0.049579
0	40	0.049113
0	41	0.076326
0	42	0.073366
0	43	0.073978
0	44	0.082804
0	45	0.062219
0	46	0.062108
0	47	0.045320
0	48	0.068216
0	49	0.052243
0	50	0.056025
0	51	0.052770
0	52	0.049048
0	53	0.049048
0	54	0.046085
0	55	0.073930
0	56	0.074178
0	57	0.084981
0	58	0.055401
0	59	0.055960
0	60	0.082885
0	61	0.058947
0	62	0.044095
0	63	0.062108
0	64	0.064688
0	65	0.051602
0	66	0.063754
0	67	0.063754
0	68	0.046953
0	69	0.067295
0	70	0.071312
0	71	0.054316
0	72	0.060793
0	73	0.055084
0	74	0.060560
0	75	0.047647
0	76	0.056515
0	77	0.062632
0	78	0.045991
0	79	0.061818
0	80	0.047105
0	81	0.070052
0	82	0.049579
0	83	0.061828
0	84	0.045482
0	85	0.058332
0	86	0.055506
0	87	0.035104
0	88	0.049113
0	89	0.065805
0	90	0.053076
0	91	0.034276
0	92	0.067576
0	93	0.065554
0	94	0.059542
0	95	0.064556
0	96	0.056515
0	97	0.088393
0	98	0.063477
0	99	0.040717
0	100	0.050827
0	101	0.055506
0	102	0.062654
0	103	0.065261
0	104	0.059542
0	105	0.056679
0	106	0.079992
0	107	0.045069
0	108	0.057015
0	109	0.025706
0	110	0.022509
0	111	0.061828
0	112	0.030960
0	113	0.045991
0	114	0.061370
0	115	0.060183
0	116	0.071312
0	117	0.043515
0	118	0.082885
0	119	0.070074
0	120	0.038660
0	121	0.057080
0	122	0.046696
0	123	0.062925
0	124	0.084981
0	125	0.052127
0	126	0.050827
0	127	0.073110
0	128	0.027569
0	129	0.055401
0	130	0.046943
0	131	0.037952
0	132	0.081255
0	133	0.058906
0	134	0.045542
0	135	0.086600
0	136	0.037880
0	137	0.046714
0	138	0.073110
0	139	0.052770
0	140	0.045033
0	141	0.060793
0	142	0.031506
0	143	0.052770
0	144	0.056679
0	145	0.038917
0	146	0.042471
0	147	0.038660
0	148	0.087638
0	149	0.061744
0	150	0.064789
0	151	0.061818
0	152	0.042416
0	153	0.045069
0	154	0.064123
0	155	0.055453
0	156	0.064789
0	157	0.064068
0	158	0.062219
0	159	0.076101
0	160	0.034618
0	161	0.024097
0	162	0.052901
0	163	0.052243
0	164	0.030095
0	165	0.046123
0	166	0.032162
0	167	0.030095
0	168	0.037221
0	169	0.067295
0	170	0.055506
0	171	0.086113
0	172	0.047967
0	173	0.051491
0	174	0.058681
0	175	0.065457
0	176	0.060969
0	177	0.051491
0	178	0.067980
0	179	0.060568
0	180	0.052845
0	181	0.047582
0	182	0.055055
0	183	0.056515
0	184	0.040299
0	185	0.065457
0	186	0.073978
0	187	0.034276
0	188	0.064789
0	189	0.067576
0	190	0.045542
0	191	0.057080
0	192	0.049048
0	193	0.043527
0	194	0.045033
0	195	0.058947
0	196	0.051491
0	197	0.058973
0	198	0.040500
0	199	0.047751
0	200	0.060969
0	201	0.060165
0	202	0.061443
0	203	0.053146
0	204	0.058681
0	205	0.047582
0	206	0.044925
0	207	0.070789
0	208	0.056679
0	209	0.064410
0	210	0.048544
0	211	0.072009
0	212	0.050819
0	213	0.045033
0	214	0.065261
0	215	0.050827
1	0	0.011366
1	1	0.016509
1	2	0.004537
1	3	0.010522
1	4	0.008395
1	5	0.008087
1	6	0.004809
1	7	0.006371
1	8	0.006371
1	9	0.006371
1	10	0.003014
1	11	0.015585
1	12	0.003434
1	13	0.024580
1	14	0.043278
1	15	0.006910
1	16	0.006106
1	17	0.001717
1	18	0.003092
1	19	0.008010
1	20	0.006340
1	21	0.001717
1	22	0.004809
1	23	0.009944
1	24	0.035309
1	25	0.003092
1	26	0.012211
1	27	0.007932
1	28	0.003554
1	29	0.011767
1	30	0.008010
1	31	0.001375
1	32	0.001375
1	33	0.004809
1	34	0.004731
1	35	0.011767
1	36	0.011722
1	37	0.004654
1	38	0.017347
1	39	0.043278
1	40	0.011481
1	41	0.011290
1	42	0.011736
1	43	0.009649
1	44	0.005931
1	45	0.006368
1	46	0.016729
1	47	0.004809
1	48	0.001375
1	49	0.004654
1	50	0.008550
1	51	0.003356
1	52	0.007885
1	53	0.003014
1	54	0.006293
1	55	0.003014
1	56	0.003092
1	57	0.014319
1	58	0.006698
1	59	0.004731
1	60	0.009562
1	61	0.013388
1	62	0.009649
1	63	0.006833
1	64	0.035309
1	65	0.010522
1	66	0.003092
1	67	0.005905
1	68	0.010126
1	69	0.002750
1	70	0.001375
1	71	0.011290
1	72	0.008227
1	73	0.008087
1	74	0.003279
1	75	0.013753
1	76	0.003014
1	77	0.008087
1	78	0.003279
1	79	0.005750
1	80	0.006293
1	81	0.004809
1	82	0.008010
1	83	0.008198
1	84	0.000000
1	85	0.001375
1	86	0.012375
1	87	0.001375
1	88	0.002299
1	89	0.004654
1	90	0.003092
1	91	0.003568
1	92	0.013220
1	93	0.004809
1	94	0.008472
1	95	0.008010
1	96	0.012541
1	97	0.003092
1	98	0.006293
1	99	0.011830
1	100	0.003092
1	101	0.008087
1	102	0.010927
1	103	0.006371
1	104	0.007668
1	105	0.043278
1	106	0.002641
1	107	0.003092
1	108	0.001375
1	109	0.000000
1	110	0.010574
1	111	0.009649
1	112	0.012291
1	113	0.006356
1	114	0.001375
1	115	0.008800
1	116	0.009649
1	117	0.005000
1	118	0.006448
1	119	0.003092
1	120	0.009899
1	121	0.006448
1	122	0.028579
1	123	0.001375
1	124	0.004996
1	125	0.004654
1	126	0.011828
1	127	0.005000
1	128	0.011366
1	129	0.038895
1	130	0.007390
1	131	0.006371
1	132	0.007390
1	133	0.009456
1	134	0.006293
1	135	0.006371
1	136	0.011366
1	137	0.012567
1	138	0.011366
1	139	0.003801
1	140	0.014792
1	141	0.009649
1	142	0.004654
1	143	0.006448
1	144	0.009411
1	145	0.006910
1	146	0.003092
1	147	0.011503
1	148	0.013220
1	149	0.001717
1	150	0.010522
1	151	0.009727
1	152	0.010746
1	153	0.009065
1	154	0.005750
1	155	0.006448
1	156	0.010746
1	157	0.009649
1	158	0.007932
1	159	0.012211
1	160	0.008395
1	161	0.007745
1	162	0.003092
1	163	0.003554
1	164	0.006371
1	165	0.006371
1	166	0.001375
1	167	0.001375
1	168	0.004731
1	169	0.007080
1	170	0.003014
1	171	0.003014
1	172	0.012350
1	173	0.006558
1	174	0.013388
1	175	0.006833
1	176	0.001375
1	177	0.004996
1	178	0.006371
1	179	0.006448
1	180	0.013007
1	181	0.011366
1	182	0.003092
1	183	0.009065
1	184	0.013652
1	185	0.004996
1	186	0.001375
1	187	0.013753
1	188	0.006293
1	189	0.004996
1	190	0.006371
1	191	0.006371
1	192	0.006558
1	193	0.011828
1	194	0.003014
1	195	0.009562
1	196	0.028075
1	197	0.006752
1	198	0.007932
1	199	0.006371
1	200	0.052588
1	201	0.010006
1	202	0.004996
1	203	0.006293
1	204	0.008395
1	205	0.004809
1	206	0.010222
1	207	0.016539
1	208	0.009649
1	209	0.006293
1	210	0.006293
1	211	0.002750
1	212	0.014792
1	213	0.008087
1	214	0.008829
1	215	0.010439
1	216	0.006371
1	217	0.007932
1	218	0.011506
1	219	0.004731
1	220	0.006944
1	221	0.001375
1	222	0.013626
1	223	0.001375
1	224	0.004654
1	225	0.003014
1	226	0.005750
1	227	0.010439
1	228	0.008010
1	229	0.003279
1	230	0.010574
1	231	0.004809
1	232	0.016539
1	233	0.010574
1	234	0.030158
1	235	0.012291
1	236	0.008293
1	237	0.017469
1	238	0.031750
1	239	0.014092
1	240	0.005604
1	241	0.009456
1	242	0.012375
1	243	0.006371
1	244	0.006752
1	245	0.013626
1	246	0.006371
1	247	0.003092
1	248	0.006293
1	249	0.008010
1	250	0.002821
1	251	0.001375
1	252	0.004837
1	253	0.011920
1	254	0.006371
1	255	0.015439
1	256	0.008198
1	257	0.011736
1	258	0.009727
1	259	0.011481
1	260	0.013007
1	261	0.006371
1	262	0.007203
1	263	0.011830
1	264	0.013007
1	265	0.006448
1	266	0.008010
1	267	0.006293
1	268	0.001375
1	269	0.003092
1	270	0.012541
1	271	0.012075
1	272	0.005425
1	273	0.003092
1	274	0.003092
1	275	0.013065
1	276	0.006213
1	277	0.012211
1	278	0.011767
1	279	0.001375
1	280	0.009944
1	281	0.009456
1	282	0.016813
1	283	0.008916
1	284	0.009371
1	285	0.012541
1	286	0.006371
1	287	0.005425
1	288	0.012075
1	289	0.006371
1	290	0.009411
1	291	0.006106
1	292	0.011736
1	293	0.005906
1	294	0.008800
1	295	0.009562
1	296	0.014229
1	297	0.003279
1	298	0.010168
1	299	0.006293
1	300	0.008010
1	301	0.008087
1	302	0.006833
1	303	0.006635
1	304	0.014229
1	305	0.006371
1	306	0.009371
1	307	0.006293
1	308	0.011828
1	309	0.006371
1	310	0.006910
1	311	0.004837
1	312	0.009456
1	313	0.006755
1	314	0.006448
1	315	0.011920
1	316	0.008472
1	317	0.006558
1	318	0.034043
1	319	0.011366
1	320	0.038895
1	321	0.009727
1	322	0.004654
1	323	0.001375
1	324	0.014364
1	325	0.006293
1	326	0.004809
1	327	0.001375
1	328	0.012567
1	329	0.008395
1	330	0.001746
1	331	0.011366
1	332	0.021906
1	333	0.006371
1	334	0.011920
1	335	0.002641
1	336	0.000000
1	337	0.043278
1	338	0.047746
1	339	0.013007
1	340	0.039780
1	341	0.009727
1	342	0.001375
1	343	0.008800
1	344	0.016369
1	345	0.003092
1	346	0.006371
1	347	0.011828
1	348	0.003279
1	349	0.004654
1	350	0.001375
1	351	0.026475
1	352	0.005073
1	353	0.009371
1	354	0.005073
1	355	0.006371
1	356	0.017182
1	357	0.006293
1	358	0.007545
1	359	0.009717
1	360	0.015439
1	361	0.002641
1	362	0.009107
1	363	0.003434
1	364	0.010126
1	365	0.009649
1	366	0.003092
1	367	0.010189
1	368	0.001375
1	369	0.016539
1	370	0.002299
1	371	0.019485
1	372	0.001375
1	373	0.006269
1	374	0.001375
1	375	0.008472
1	376	0.011184
1	377	0.001375
1	378	0.003092
1	379	0.006698
1	380	0.007668
1	381	0.001375
1	382	0.003434
1	383	0.044547
1	384	0.014364
1	385	0.006448
1	386	0.013595
1	387	0.052588
1	388	0.008395
1	389	0.004809
1	390	0.000000
1	391	0.001375
1	392	0.010746
1	393	0.010126
1	394	0.035309
1	395	0.004016
1	396	0.003554
1	397	0.003092
1	398	0.007932
1	399	0.006368
J(w) : 0.031094
