total mean
0.468948	0.337648	0.337508	0.279477	0.304673	0.377368	0.337299	0.282889	0.094380
mean of class
0.703192	0.631687	0.617797	0.516457	0.487134	0.715016	0.553496	0.531891	0.182094
0.234704	0.043608	0.057219	0.042497	0.122212	0.039720	0.121102	0.033888	0.006666
SW
28.019712	3.391132	4.827693	-2.027916	0.545684	-0.320611	0.768868	1.610250	0.517938
3.391132	23.679756	16.509702	8.432118	10.610858	2.338649	7.328868	10.292533	4.012717
4.827693	16.509702	24.385648	6.960119	8.690489	4.786470	6.601569	10.530779	1.979614
-2.027916	8.432118	6.960119	34.392513	5.653314	12.547968	6.454392	7.927782	4.128017
0.545684	10.610858	8.690489	5.653314	20.509154	2.550321	3.752489	5.857862	4.278812
-0.320611	2.338649	4.786470	12.547968	2.550321	35.519190	4.010777	0.029480	0.387107
0.768868	7.328868	6.601569	6.454392	3.752489	4.010777	20.380720	7.447365	1.955911
1.610250	10.292533	10.530779	7.927782	5.857862	0.029480	7.447365	35.519908	6.667548
0.517938	4.012717	1.979614	4.128017	4.278812	0.387107	1.955911	6.667548	17.066979
SB
0.219481	0.435051	0.417282	0.436519	0.337538	0.440195	0.338829	0.447968	0.485148
0.435051	0.345837	0.330015	0.347146	0.259566	0.350425	0.260698	0.357365	0.390651
0.417282	0.330015	0.314249	0.330971	0.245605	0.334173	0.246706	0.340950	0.373481
0.436519	0.347146	0.330971	0.224639	0.155429	0.227278	0.156306	0.232873	0.259886
0.337538	0.259566	0.245605	0.155429	0.133168	0.200179	0.133980	0.205432	0.230849
0.440195	0.350425	0.334173	0.227278	0.200179	0.456024	0.352734	0.463935	0.501759
0.338829	0.260698	0.246706	0.156306	0.133980	0.352734	0.186964	0.269993	0.299022
0.447968	0.357365	0.340950	0.232873	0.205432	0.463935	0.269993	0.248007	0.275861
0.485148	0.390651	0.373481	0.259886	0.230849	0.501759	0.299022	0.275861	0.030775

wegight[fold=0]
0.015476	0.008631	0.004603	0.009629	0.012299	0.016076	0.013288	0.008299	0.006711
[y from w and x]
0	0	0.024091
0	1	0.063785
0	2	0.075047
0	3	0.052465
0	4	0.086006
0	5	0.054101
0	6	0.041589
0	7	0.036288
0	8	0.022411
0	9	0.069616
0	10	0.067689
0	11	0.060738
0	12	0.041589
0	13	0.057291
0	14	0.031421
0	15	0.047987
0	16	0.048279
0	17	0.048634
0	18	0.074761
0	19	0.072123
0	20	0.071403
0	21	0.080854
0	22	0.061340
0	23	0.060738
0	24	0.044232
0	25	0.066426
0	26	0.051005
0	27	0.054621
0	28	0.051803
0	29	0.047028
0	30	0.047028
0	31	0.046203
0	32	0.072430
0	33	0.073191
0	34	0.083164
0	35	0.054264
0	36	0.054825
0	37	0.082009
0	38	0.057636
0	39	0.044231
0	40	0.060738
0	41	0.063785
0	42	0.049419
0	43	0.062915
0	44	0.062915
0	45	0.046935
0	46	0.068467
0	47	0.054264
0	48	0.074761
0	49	0.062907
0	50	0.055085
0	51	0.043474
0	52	0.056589
0	53	0.056199
0	54	0.045777
0	55	0.043474
0	56	0.030904
0	57	0.054101
0	58	0.058289
0	59	0.042531
0	60	0.041589
0	61	0.086006
0	62	0.052322
0	63	0.035262
0	64	0.065987
0	65	0.060455
0	66	0.031421
0	67	0.025698
0	68	0.053403
0	69	0.065756
0	70	0.070979
0	71	0.053012
0	72	0.060024
0	73	0.054264
0	74	0.060120
0	75	0.046111
0	76	0.056018
0	77	0.062101
0	78	0.045777
0	79	0.060996
0	80	0.046445
0	81	0.068467
0	82	0.048279
0	83	0.060455
0	84	0.044744
0	85	0.057369
0	86	0.053772
0	87	0.035262
0	88	0.048634
0	89	0.064280
0	90	0.052148
0	91	0.033283
0	92	0.066354
0	93	0.065602
0	94	0.058726
0	95	0.063321
0	96	0.056018
0	97	0.086581
0	98	0.062497
0	99	0.039870
0	100	0.050412
0	101	0.053772
0	102	0.060259
0	103	0.063806
0	104	0.058726
0	105	0.056589
0	106	0.078804
0	107	0.044188
0	108	0.056265
0	109	0.025698
0	110	0.022411
0	111	0.060455
0	112	0.030904
0	113	0.045777
0	114	0.060829
0	115	0.059593
0	116	0.070979
0	117	0.043038
0	118	0.082009
0	119	0.068795
0	120	0.037819
0	121	0.056199
0	122	0.045882
0	123	0.061923
0	124	0.083164
0	125	0.051506
0	126	0.050412
0	127	0.072648
0	128	0.027990
0	129	0.054264
0	130	0.045712
0	131	0.036140
0	132	0.079396
0	133	0.058206
0	134	0.043628
0	135	0.086006
0	136	0.037497
0	137	0.046101
0	138	0.072648
0	139	0.051803
0	140	0.044109
0	141	0.060024
0	142	0.031633
0	143	0.051803
0	144	0.056589
0	145	0.037673
0	146	0.043474
0	147	0.037819
0	148	0.086107
0	149	0.061233
0	150	0.062834
0	151	0.060996
0	152	0.042531
0	153	0.044188
0	154	0.062068
0	155	0.054101
0	156	0.062468
0	157	0.063414
0	158	0.061340
0	159	0.074381
0	160	0.034320
0	161	0.023547
0	162	0.051776
0	163	0.051005
0	164	0.029765
0	165	0.045999
0	166	0.032067
0	167	0.029765
0	168	0.036901
0	169	0.065756
0	170	0.053772
0	171	0.086152
0	172	0.047925
0	173	0.051913
0	174	0.058070
0	175	0.064370
0	176	0.060616
0	177	0.051913
0	178	0.067394
0	179	0.060596
0	180	0.052465
0	181	0.047314
0	182	0.055161
0	183	0.056018
0	184	0.039648
0	185	0.064370
0	186	0.071403
0	187	0.033283
0	188	0.062834
0	189	0.066354
0	190	0.043628
0	191	0.056199
0	192	0.047028
0	193	0.043775
0	194	0.044109
0	195	0.057636
0	196	0.051913
0	197	0.057418
0	198	0.038815
0	199	0.047443
0	200	0.060616
0	201	0.058610
0	202	0.060184
0	203	0.052349
0	204	0.058070
0	205	0.047314
0	206	0.043812
0	207	0.069616
0	208	0.056589
0	209	0.062919
0	210	0.047863
0	211	0.069992
0	212	0.048619
0	213	0.044109
0	214	0.063806
0	215	0.050412
1	0	0.005682
1	1	0.005900
1	2	0.016573
1	3	0.004319
1	4	0.001366
1	5	0.004805
1	6	0.008269
1	7	0.003196
1	8	0.007958
1	9	0.003086
1	10	0.006525
1	11	0.003086
1	12	0.002843
1	13	0.014052
1	14	0.006480
1	15	0.004562
1	16	0.009596
1	17	0.012049
1	18	0.009720
1	19	0.006793
1	20	0.035468
1	21	0.010642
1	22	0.002843
1	23	0.005389
1	24	0.010384
1	25	0.002733
1	26	0.001366
1	27	0.011441
1	28	0.008162
1	29	0.007758
1	30	0.003439
1	31	0.013795
1	32	0.003086
1	33	0.007758
1	34	0.003439
1	35	0.005875
1	36	0.006525
1	37	0.004319
1	38	0.008001
1	39	0.008598
1	40	0.000000
1	41	0.001366
1	42	0.012299
1	43	0.001366
1	44	0.002389
1	45	0.004805
1	46	0.002843
1	47	0.003506
1	48	0.012696
1	49	0.004319
1	50	0.008512
1	51	0.008001
1	52	0.012661
1	53	0.002843
1	54	0.006525
1	55	0.011323
1	56	0.002843
1	57	0.007758
1	58	0.010503
1	59	0.006281
1	60	0.007891
1	61	0.042759
1	62	0.002499
1	63	0.002843
1	64	0.001366
1	65	0.000000
1	66	0.010743
1	67	0.009720
1	68	0.012219
1	69	0.006370
1	70	0.001366
1	71	0.008510
1	72	0.009720
1	73	0.004824
1	74	0.006038
1	75	0.002843
1	76	0.010162
1	77	0.006038
1	78	0.028617
1	79	0.001366
1	80	0.004915
1	81	0.004805
1	82	0.011708
1	83	0.004824
1	84	0.011197
1	85	0.037459
1	86	0.007594
1	87	0.006281
1	88	0.002843
1	89	0.001366
1	90	0.002499
1	91	0.006998
1	92	0.007758
1	93	0.007758
1	94	0.046938
1	95	0.004319
1	96	0.006281
1	97	0.009596
1	98	0.006281
1	99	0.004319
1	100	0.003086
1	101	0.013940
1	102	0.008126
1	103	0.014088
1	104	0.009720
1	105	0.003086
1	106	0.010399
1	107	0.010384
1	108	0.008244
1	109	0.001366
1	110	0.009471
1	111	0.010384
1	112	0.008001
1	113	0.007027
1	114	0.000000
1	115	0.006038
1	116	0.004805
1	117	0.006038
1	118	0.003196
1	119	0.013882
1	120	0.008001
1	121	0.010399
1	122	0.006480
1	123	0.011197
1	124	0.005875
1	125	0.001719
1	126	0.013653
1	127	0.003866
1	128	0.008531
1	129	0.001366
1	130	0.010503
1	131	0.010162
1	132	0.007594
1	133	0.009471
1	134	0.006525
1	135	0.006281
1	136	0.011197
1	137	0.012222
1	138	0.011197
1	139	0.003588
1	140	0.014960
1	141	0.009720
1	142	0.004805
1	143	0.006038
1	144	0.009687
1	145	0.006550
1	146	0.002843
1	147	0.011220
1	148	0.012696
1	149	0.001476
1	150	0.010642
1	151	0.009477
1	152	0.010790
1	153	0.009116
1	154	0.005875
1	155	0.006038
1	156	0.010790
1	157	0.009720
1	158	0.008244
1	159	0.012719
1	160	0.008755
1	161	0.007648
1	162	0.002843
1	163	0.003354
1	164	0.006281
1	165	0.006281
1	166	0.001366
1	167	0.001366
1	168	0.004562
1	169	0.007027
1	170	0.003086
1	171	0.003086
1	172	0.012155
1	173	0.006878
1	174	0.012049
1	175	0.006793
1	176	0.001366
1	177	0.004915
1	178	0.006281
1	179	0.006038
1	180	0.012917
1	181	0.011197
1	182	0.002843
1	183	0.009116
1	184	0.013882
1	185	0.004915
1	186	0.001366
1	187	0.013795
1	188	0.006525
1	189	0.004915
1	190	0.006281
1	191	0.006281
1	192	0.006878
1	193	0.011708
1	194	0.003086
1	195	0.009596
1	196	0.027505
1	197	0.006655
1	198	0.008244
1	199	0.006281
1	200	0.051604
1	201	0.010097
1	202	0.004915
1	203	0.006525
1	204	0.008755
1	205	0.004319
1	206	0.010163
1	207	0.015158
1	208	0.009720
1	209	0.006525
1	210	0.006525
1	211	0.002733
1	212	0.014960
1	213	0.007758
1	214	0.008774
1	215	0.010230
1	216	0.006281
1	217	0.008244
1	218	0.011506
1	219	0.004562
1	220	0.006724
1	221	0.001366
1	222	0.013653
1	223	0.001366
1	224	0.004805
1	225	0.003086
1	226	0.005875
1	227	0.010230
1	228	0.008001
1	229	0.003439
1	230	0.010743
1	231	0.004319
1	232	0.015158
1	233	0.010743
1	234	0.029738
1	235	0.012219
1	236	0.008415
1	237	0.017381
1	238	0.031312
1	239	0.014088
1	240	0.005484
1	241	0.009471
1	242	0.012299
1	243	0.006281
1	244	0.006655
1	245	0.013653
1	246	0.006281
1	247	0.002843
1	248	0.006525
1	249	0.008001
1	250	0.002837
1	251	0.001366
1	252	0.004687
1	253	0.011617
1	254	0.006281
1	255	0.014940
1	256	0.008598
1	257	0.012039
1	258	0.009477
1	259	0.011946
1	260	0.012917
1	261	0.006281
1	262	0.006998
1	263	0.011323
1	264	0.012917
1	265	0.006038
1	266	0.008001
1	267	0.006525
1	268	0.001366
1	269	0.002843
1	270	0.012661
1	271	0.011942
1	272	0.005387
1	273	0.002843
1	274	0.002843
1	275	0.013182
1	276	0.006386
1	277	0.012719
1	278	0.012104
1	279	0.001366
1	280	0.009544
1	281	0.009471
1	282	0.015450
1	283	0.009203
1	284	0.009424
1	285	0.012661
1	286	0.006281
1	287	0.005387
1	288	0.011942
1	289	0.006281
1	290	0.009687
1	291	0.005928
1	292	0.012039
1	293	0.005712
1	294	0.008510
1	295	0.009596
1	296	0.013759
1	297	0.003439
1	298	0.009786
1	299	0.006525
1	300	0.008001
1	301	0.007758
1	302	0.006793
1	303	0.006634
1	304	0.013759
1	305	0.006281
1	306	0.009424
1	307	0.006525
1	308	0.011708
1	309	0.006281
1	310	0.006550
1	311	0.004687
1	312	0.009471
1	313	0.007036
1	314	0.006038
1	315	0.011617
1	316	0.008512
1	317	0.006878
1	318	0.033674
1	319	0.011197
1	320	0.037459
1	321	0.009477
1	322	0.004805
1	323	0.001366
1	324	0.014262
1	325	0.006525
1	326	0.004319
1	327	0.001366
1	328	0.012222
1	329	0.008755
1	330	0.001844
1	331	0.011197
1	332	0.022005
1	333	0.006281
1	334	0.011617
1	335	0.002499
1	336	0.000000
1	337	0.042759
1	338	0.046938
1	339	0.012917
1	340	0.039388
1	341	0.009477
1	342	0.001366
1	343	0.008510
1	344	0.016513
1	345	0.002843
1	346	0.006281
1	347	0.011708
1	348	0.003439
1	349	0.004805
1	350	0.001366
1	351	0.025580
1	352	0.004672
1	353	0.009424
1	354	0.004672
1	355	0.006281
1	356	0.016991
1	357	0.006525
1	358	0.007108
1	359	0.009015
1	360	0.014940
1	361	0.002499
1	362	0.009071
1	363	0.002953
1	364	0.010384
1	365	0.009720
1	366	0.002843
1	367	0.009989
1	368	0.001366
1	369	0.015158
1	370	0.002389
1	371	0.018417
1	372	0.001366
1	373	0.005941
1	374	0.001366
1	375	0.008512
1	376	0.011530
1	377	0.001366
1	378	0.002843
1	379	0.006480
1	380	0.007891
1	381	0.001366
1	382	0.002953
1	383	0.043717
1	384	0.014262
1	385	0.006038
1	386	0.013994
1	387	0.051604
1	388	0.008755
1	389	0.004319
1	390	0.000000
1	391	0.001366
1	392	0.010790
1	393	0.010384
1	394	0.035468
1	395	0.003866
1	396	0.003354
1	397	0.002843
1	398	0.008244
1	399	0.005900
J(w) : 0.031591
