total mean
0.469664	0.336999	0.339550	0.279719	0.307821	0.383017	0.340385	0.278563	0.098280
mean of class
0.702677	0.627056	0.618825	0.513885	0.491764	0.719646	0.559669	0.518516	0.188782
0.236651	0.046941	0.060274	0.045552	0.123878	0.046387	0.121102	0.038610	0.007777
SW
28.772673	3.975161	5.258358	0.073010	1.064023	1.912848	0.305362	3.411287	0.770769
3.975161	25.324012	18.471910	8.738468	11.202691	3.013861	8.181157	10.872519	4.975441
5.258358	18.471910	25.238856	6.915358	9.317126	4.490652	6.851056	10.205465	2.664650
0.073010	8.738468	6.915358	34.462229	5.131488	12.273589	7.867111	7.987798	4.754947
1.064023	11.202691	9.317126	5.131488	20.934067	2.554508	4.030493	6.132097	5.771398
1.912848	3.013861	4.490652	12.273589	2.554508	37.669568	4.693316	0.633015	0.287646
0.305362	8.181157	6.851056	7.867111	4.030493	4.693316	20.921114	6.681759	1.974347
3.411287	10.872519	10.205465	7.987798	6.132097	0.633015	6.681759	35.614979	7.377801
0.770769	4.975441	2.664650	4.754947	5.771398	0.287646	1.974347	7.377801	18.339711
SB
0.217181	0.429989	0.412681	0.431813	0.335008	0.430717	0.338230	0.440985	0.482885
0.429989	0.336533	0.321242	0.338147	0.253188	0.337177	0.255990	0.346269	0.383506
0.412681	0.321242	0.311980	0.328642	0.244973	0.327686	0.247729	0.336650	0.373380
0.431813	0.338147	0.328642	0.219336	0.152105	0.218555	0.154279	0.225887	0.256145
0.335008	0.253188	0.244973	0.152105	0.135340	0.198361	0.137390	0.205349	0.234243
0.430717	0.337177	0.327686	0.218555	0.198361	0.453278	0.358256	0.463811	0.506757
0.338230	0.255990	0.247729	0.154279	0.137390	0.358256	0.192341	0.271503	0.304584
0.440985	0.346269	0.336650	0.225887	0.205349	0.463811	0.271503	0.230310	0.260854
0.482885	0.383506	0.373380	0.256145	0.234243	0.506757	0.304584	0.260854	0.032763

wegight[fold=4]
0.015083	0.006457	0.004148	0.009810	0.012676	0.014717	0.013566	0.008079	0.006372
J(w) : 0.028872
