total mean
0.461942	0.333568	0.340096	0.285434	0.308865	0.378531	0.347820	0.279366	0.095255
mean of class
0.690845	0.626029	0.626028	0.527259	0.496907	0.720675	0.578704	0.526232	0.181066
0.233039	0.041108	0.054163	0.043608	0.120823	0.036387	0.116935	0.032499	0.009444
SW
28.617160	2.811820	3.977469	-1.004420	0.943030	0.042043	-0.034873	2.420360	0.359388
2.811820	23.968334	17.061802	8.281192	9.782734	0.480091	7.836125	10.270668	3.841566
3.977469	17.061802	24.174742	6.510426	8.027886	3.117747	6.435261	10.816989	2.397222
-1.004420	8.281192	6.510426	34.326432	5.237680	11.275606	6.681519	8.081132	4.596178
0.943030	9.782734	8.027886	5.237680	19.603791	1.258756	2.949689	5.132024	4.516263
0.042043	0.480091	3.117747	11.275606	1.258756	34.939912	3.743808	-0.773167	0.391998
-0.034873	7.836125	6.435261	6.681519	2.949689	3.743808	19.946450	6.886366	2.110086
2.420360	10.270668	10.816989	8.081132	5.132024	-0.773167	6.886366	35.022895	5.986985
0.359388	3.841566	2.397222	4.596178	4.516263	0.391998	2.110086	5.986985	17.821275
SB
0.209587	0.422159	0.405364	0.418916	0.324926	0.428316	0.329373	0.433420	0.464307
0.422159	0.342132	0.327030	0.339214	0.255233	0.347677	0.259176	0.352278	0.380176
0.405364	0.327030	0.327029	0.339213	0.255232	0.347676	0.259175	0.352276	0.380175
0.418916	0.339214	0.339213	0.233919	0.165191	0.240956	0.168366	0.244788	0.268132
0.324926	0.255233	0.255232	0.165191	0.141440	0.212079	0.144379	0.215675	0.237620
0.428316	0.347677	0.347676	0.240956	0.212079	0.468250	0.364502	0.473586	0.505849
0.329373	0.259176	0.259175	0.168366	0.144379	0.364502	0.213231	0.298340	0.324057
0.433420	0.352278	0.352276	0.244788	0.215675	0.473586	0.298340	0.243773	0.267070
0.464307	0.380176	0.380175	0.268132	0.237620	0.505849	0.324057	0.267070	0.029454

wegight[fold=8]
0.015100	0.007857	0.004704	0.009865	0.014682	0.016992	0.015298	0.008551	0.006488
J(w) : 0.033216
