total mean
0.465965	0.338718	0.334617	0.279893	0.305953	0.373752	0.341276	0.279587	0.098619
mean of class
0.694447	0.632717	0.613681	0.516457	0.493306	0.704728	0.561727	0.524175	0.187238
0.237483	0.044719	0.055553	0.043330	0.118601	0.042776	0.120824	0.034999	0.010000
SW
28.863688	3.609391	4.546218	-1.067652	0.956951	1.152459	0.323380	2.542863	0.185956
3.609391	24.174343	17.038113	7.197101	10.385294	2.278884	7.266786	9.724786	3.947350
4.546218	17.038113	24.173032	5.416615	8.454713	4.262769	6.101913	9.925525	2.106043
-1.067652	7.197101	5.416615	32.450413	4.554440	12.641811	6.624274	6.893757	3.555941
0.956951	10.385294	8.454713	4.554440	19.339805	2.296918	3.350209	4.905219	4.462791
1.152459	2.278884	4.262769	12.641811	2.296918	38.017864	4.807753	0.621780	0.622602
0.323380	7.266786	6.101913	6.624274	3.350209	4.807753	20.289158	5.980554	1.711828
2.542863	9.724786	9.925525	6.893757	4.905219	0.621780	5.980554	35.409803	6.511786
0.185956	3.947350	2.106043	3.555941	4.462791	0.622602	1.711828	6.511786	18.239395
SB
0.208816	0.422146	0.408186	0.423953	0.331599	0.424675	0.329043	0.434872	0.468468
0.422146	0.345742	0.333119	0.347377	0.264316	0.348031	0.262035	0.357268	0.387777
0.408186	0.333119	0.311508	0.325301	0.245105	0.325933	0.242908	0.334874	0.364432
0.423953	0.347377	0.325301	0.223849	0.158290	0.224374	0.156525	0.231802	0.256499
0.331599	0.264316	0.245105	0.158290	0.140405	0.202978	0.138743	0.210046	0.233585
0.424675	0.348031	0.325933	0.224374	0.202978	0.438180	0.340944	0.448537	0.482647
0.329043	0.262035	0.242908	0.156525	0.138743	0.340944	0.194396	0.277443	0.304403
0.434872	0.357268	0.334874	0.231802	0.210046	0.448537	0.277443	0.239294	0.264376
0.468468	0.387777	0.364432	0.256499	0.233585	0.482647	0.304403	0.264376	0.031414

wegight[fold=6]
0.014607	0.007599	0.004895	0.010845	0.014443	0.014129	0.014298	0.008989	0.006006
J(w) : 0.030557
