total mean
0.468948	0.337648	0.337508	0.279477	0.304673	0.377368	0.337299	0.282889	0.094380
mean of class
0.703192	0.631687	0.617797	0.516457	0.487134	0.715016	0.553496	0.531891	0.182094
0.234704	0.043608	0.057219	0.042497	0.122212	0.039720	0.121102	0.033888	0.006666
SW
28.019712	3.391132	4.827693	-2.027916	0.545684	-0.320611	0.768868	1.610250	0.517938
3.391132	23.679756	16.509702	8.432118	10.610858	2.338649	7.328868	10.292533	4.012717
4.827693	16.509702	24.385648	6.960119	8.690489	4.786470	6.601569	10.530779	1.979614
-2.027916	8.432118	6.960119	34.392513	5.653314	12.547968	6.454392	7.927782	4.128017
0.545684	10.610858	8.690489	5.653314	20.509154	2.550321	3.752489	5.857862	4.278812
-0.320611	2.338649	4.786470	12.547968	2.550321	35.519190	4.010777	0.029480	0.387107
0.768868	7.328868	6.601569	6.454392	3.752489	4.010777	20.380720	7.447365	1.955911
1.610250	10.292533	10.530779	7.927782	5.857862	0.029480	7.447365	35.519908	6.667548
0.517938	4.012717	1.979614	4.128017	4.278812	0.387107	1.955911	6.667548	17.066979
SB
0.219481	0.435051	0.417282	0.436519	0.337538	0.440195	0.338829	0.447968	0.485148
0.435051	0.345837	0.330015	0.347146	0.259566	0.350425	0.260698	0.357365	0.390651
0.417282	0.330015	0.314249	0.330971	0.245605	0.334173	0.246706	0.340950	0.373481
0.436519	0.347146	0.330971	0.224639	0.155429	0.227278	0.156306	0.232873	0.259886
0.337538	0.259566	0.245605	0.155429	0.133168	0.200179	0.133980	0.205432	0.230849
0.440195	0.350425	0.334173	0.227278	0.200179	0.456024	0.352734	0.463935	0.501759
0.338829	0.260698	0.246706	0.156306	0.133980	0.352734	0.186964	0.269993	0.299022
0.447968	0.357365	0.340950	0.232873	0.205432	0.463935	0.269993	0.248007	0.275861
0.485148	0.390651	0.373481	0.259886	0.230849	0.501759	0.299022	0.275861	0.030775

wegight[fold=0]
0.015476	0.008631	0.004603	0.009629	0.012299	0.016076	0.013288	0.008299	0.006711
J(w) : 0.031591
