total mean
0.469612	0.334602	0.340975	0.280433	0.303999	0.378742	0.340051	0.287859	0.095790
mean of class
0.697019	0.624485	0.621398	0.513370	0.486620	0.711930	0.557612	0.539608	0.181580
0.242205	0.044719	0.060552	0.047497	0.121378	0.045554	0.122491	0.036110	0.010000
SW
28.591885	3.190197	4.380047	-0.572891	0.986634	-0.401700	-0.092153	2.371662	0.507514
3.190197	23.347689	16.233410	7.407593	9.423229	1.917981	6.728814	10.345281	4.068274
4.380047	16.233410	23.548806	5.906018	8.027946	3.610705	5.670450	11.007040	2.681644
-0.572891	7.407593	5.906018	34.059597	5.065701	13.411161	6.555270	8.180835	4.291599
0.986634	9.423229	8.027946	5.065701	18.723229	2.140943	2.564062	6.367291	4.452751
-0.401700	1.917981	3.610705	13.411161	2.140943	37.789970	3.784696	1.090208	1.301427
-0.092153	6.728814	5.670450	6.555270	2.564062	3.784696	20.183617	7.016197	1.787718
2.371662	10.345281	11.007040	8.180835	6.367291	1.090208	7.016197	36.869238	6.382249
0.507514	4.068274	2.681644	4.291599	4.452751	1.301427	1.787718	6.382249	16.998804
SB
0.206856	0.425495	0.405091	0.421879	0.331362	0.424407	0.330083	0.436801	0.471995
0.425495	0.336129	0.318021	0.332916	0.253117	0.335162	0.251999	0.346186	0.377592
0.405091	0.318021	0.314549	0.329363	0.250020	0.331597	0.248909	0.342563	0.373808
0.421879	0.332916	0.329363	0.217038	0.153658	0.218853	0.152787	0.227778	0.253382
0.331362	0.253117	0.250020	0.153658	0.133402	0.194540	0.132591	0.202960	0.227167
0.424407	0.335162	0.331597	0.218853	0.194540	0.444057	0.347438	0.456733	0.492706
0.330083	0.251999	0.248909	0.152787	0.132591	0.347438	0.189330	0.271964	0.299879
0.436801	0.346186	0.342563	0.227778	0.202960	0.456733	0.271964	0.253510	0.280485
0.471995	0.377592	0.373808	0.253382	0.227167	0.492706	0.299879	0.280485	0.029440

wegight[fold=1]
0.014861	0.008015	0.005430	0.009627	0.014371	0.014970	0.014305	0.008329	0.006717
J(w) : 0.030445
