total mean
0.468145	0.334047	0.340317	0.279976	0.301190	0.375908	0.335972	0.282360	0.100142
mean of class
0.695475	0.624486	0.623970	0.514400	0.480447	0.709873	0.551953	0.527777	0.190839
0.240816	0.043608	0.056663	0.045552	0.121934	0.041943	0.119991	0.036943	0.009444
SW
28.806076	3.036470	4.621446	-1.700747	0.435711	0.678341	0.129213	1.700796	0.581843
3.036470	24.399329	17.314504	8.916554	10.867958	2.562923	7.516178	10.374895	4.697579
4.621446	17.314504	24.607161	7.205019	9.346099	4.472481	6.222381	11.487438	2.434992
-1.700747	8.916554	7.205019	34.582654	5.937697	13.348349	7.114637	9.104719	4.289789
0.435711	10.867958	9.346099	5.937697	20.402949	1.741336	3.409327	6.463544	5.339059
0.678341	2.562923	4.472481	13.348349	1.741336	37.572965	3.810448	0.256423	-0.347173
0.129213	7.516178	6.222381	7.114637	3.409327	3.810448	20.202030	6.971310	2.078238
1.700796	10.374895	11.487438	9.104719	6.463544	0.256423	6.971310	36.560418	7.104214
0.581843	4.697579	2.434992	4.289789	5.339059	-0.347173	2.078238	7.104214	18.949669
SB
0.206714	0.424930	0.408080	0.422399	0.328949	0.427104	0.331182	0.433663	0.470638
0.424930	0.337419	0.322422	0.335164	0.252558	0.339357	0.254515	0.345206	0.378276
0.408080	0.322422	0.321837	0.334568	0.252041	0.338756	0.253995	0.344601	0.377642
0.422399	0.335164	0.334568	0.219818	0.154029	0.223216	0.155558	0.227965	0.254980
0.328949	0.252558	0.252041	0.154029	0.128532	0.192286	0.129929	0.196695	0.221843
0.427104	0.339357	0.338756	0.223216	0.192286	0.446131	0.347961	0.452834	0.490600
0.331182	0.254515	0.253995	0.155558	0.129929	0.347961	0.186591	0.265235	0.294316
0.433663	0.345206	0.344601	0.227965	0.196695	0.452834	0.265235	0.240918	0.268669
0.470638	0.378276	0.377642	0.254980	0.221843	0.490600	0.294316	0.268669	0.032904

wegight[fold=2]
0.014859	0.007711	0.004534	0.009176	0.012720	0.015357	0.014188	0.008018	0.006286
J(w) : 0.029966
