total mean
0.472905	0.336815	0.336698	0.274139	0.308341	0.377315	0.336414	0.286163	0.106217
mean of class
0.704244	0.630703	0.617282	0.505631	0.494358	0.712825	0.555554	0.538377	0.202894
0.241565	0.042926	0.056113	0.042646	0.122324	0.041805	0.117274	0.033949	0.009540
SW
27.300246	2.975157	4.459887	-1.383341	0.414317	0.234407	0.829290	2.244090	0.336600
2.975157	24.188714	17.012393	9.051424	10.588818	1.904190	7.673251	10.159851	5.064467
4.459887	17.012393	24.027358	7.109814	8.878569	4.024360	6.727514	10.922540	3.294426
-1.383341	9.051424	7.109814	33.567116	6.351322	11.165998	6.920390	8.952929	4.552827
0.414317	10.588818	8.878569	6.351322	19.818581	1.831051	3.540579	6.174934	5.614248
0.234407	1.904190	4.024360	11.165998	1.831051	35.941672	4.280566	1.107969	0.285854
0.829290	7.673251	6.727514	6.920390	3.540579	4.280566	18.826086	6.152302	2.298090
2.244090	10.159851	10.922540	8.952929	6.174934	1.107969	6.152302	33.619609	6.716687
0.336600	5.064467	3.294426	4.552827	5.614248	0.285854	2.298090	6.716687	18.652645
SB
0.214072	0.437341	0.420073	0.437712	0.338631	0.438826	0.344533	0.449295	0.482614
0.437341	0.345481	0.330153	0.345811	0.258449	0.346801	0.263609	0.356115	0.385844
0.420073	0.330153	0.314910	0.330206	0.244983	0.331174	0.250007	0.340277	0.369350
0.437712	0.345811	0.330206	0.214356	0.146925	0.215135	0.150821	0.222484	0.246107
0.338631	0.258449	0.244983	0.146925	0.138410	0.204805	0.142192	0.211977	0.235049
0.438826	0.346801	0.331174	0.215135	0.204805	0.450268	0.354680	0.460872	0.494610
0.344533	0.263609	0.250007	0.150821	0.142192	0.354680	0.192089	0.272071	0.298131
0.449295	0.356115	0.340277	0.222484	0.211977	0.460872	0.272071	0.254448	0.279669
0.482614	0.385844	0.369350	0.246107	0.235049	0.494610	0.298131	0.279669	0.037386

wegight[fold=9]
0.015904	0.007977	0.004509	0.008916	0.013348	0.015637	0.014999	0.009361	0.006514
J(w) : 0.031288
