total mean
0.661552	0.402055	0.167904	0.234932	0.102062	0.164778
mean of class
0.663314	0.421840	0.172386	0.208681	0.083256	0.164695
0.659791	0.382269	0.163422	0.261184	0.120869	0.164861
SW
4.129984	0.399773	0.226825	0.616443	1.057310	1.417845
0.399773	6.509684	0.349272	0.858421	1.077984	0.736068
0.226825	0.349272	3.880167	2.579392	2.140794	1.109785
0.616443	0.858421	2.579392	4.022302	2.280115	1.774170
1.057310	1.077984	2.140794	2.280115	4.788912	2.502323
1.417845	0.736068	1.109785	1.774170	2.502323	7.988209
SB
0.000012	0.078986	0.249892	0.161708	0.294246	0.248455
0.078986	0.001566	0.066780	0.025810	0.090583	0.066038
0.249892	0.066780	0.000080	0.007885	0.002654	0.000057
0.161708	0.025810	0.007885	0.002757	0.007711	0.001920
0.294246	0.090583	0.002654	0.007711	0.001415	0.006659
0.248455	0.066038	0.000057	0.001920	0.006659	0.000000

wegight[fold=3]
-0.000048	-0.005555	-0.008803	0.015727	-0.013194	0.003976
J(w) : 0.000914
