total mean
0.662060	0.406740	0.163017	0.234847	0.096873	0.168799
mean of class
0.672955	0.426089	0.168241	0.211756	0.083570	0.183015
0.651164	0.387392	0.157793	0.257938	0.110175	0.154583
SW
4.098637	0.590540	0.208381	0.631864	0.822071	1.721767
0.590540	6.848695	0.503713	1.057938	1.104160	1.042021
0.208381	0.503713	3.260332	2.303525	1.751309	1.107082
0.631864	1.057938	2.303525	3.890342	1.887393	1.983920
0.822071	1.104160	1.751309	1.887393	3.669555	2.010829
1.721767	1.042021	1.107082	1.983920	2.010829	8.892178
SB
0.000475	0.081546	0.265392	0.172239	0.316721	0.268709
0.081546	0.001497	0.071982	0.028274	0.099801	0.073715
0.265392	0.071982	0.000109	0.008046	0.003372	0.000187
0.172239	0.028274	0.008046	0.002133	0.010319	0.003269
0.316721	0.099801	0.003372	0.010319	0.000708	0.005043
0.268709	0.073715	0.000187	0.003269	0.005043	0.000808

wegight[fold=2]
0.006052	-0.005400	-0.006152	0.012020	-0.009984	-0.001455
J(w) : 0.002313
