total mean
0.662482	0.404519	0.168881	0.235432	0.101345	0.174788
mean of class
0.668535	0.425027	0.174560	0.213937	0.086027	0.184160
0.656429	0.384010	0.163202	0.256927	0.116663	0.165417
SW
4.022953	0.768757	0.273315	0.540867	1.067229	1.877913
0.768757	6.983880	0.487185	0.987170	1.029657	1.188579
0.273315	0.487185	4.011544	2.691937	2.139653	1.378709
0.540867	0.987170	2.691937	3.623961	1.997510	2.158386
1.067229	1.029657	2.139653	1.997510	4.376072	2.635696
1.877913	1.188579	1.378709	2.158386	2.635696	9.360601
SB
0.000147	0.080955	0.255362	0.169422	0.304562	0.253128
0.080955	0.001682	0.068553	0.028258	0.095088	0.067398
0.255362	0.068553	0.000129	0.006784	0.003352	0.000084
0.169422	0.028258	0.006784	0.001848	0.009462	0.002354
0.304562	0.095088	0.003352	0.009462	0.000939	0.006303
0.253128	0.067398	0.000084	0.002354	0.006303	0.000351

wegight[fold=8]
0.003350	-0.005469	-0.006536	0.012382	-0.009744	0.000505
J(w) : 0.000493
