total mean
0.662089	0.407044	0.169934	0.239075	0.103066	0.171578
mean of class
0.666727	0.429209	0.175673	0.214731	0.084825	0.179962
0.657451	0.384879	0.164195	0.263419	0.121306	0.163194
SW
4.158147	0.639258	0.394600	0.852793	1.210133	1.863518
0.639258	6.855069	0.412501	1.058569	0.988712	1.107649
0.394600	0.412501	3.931986	2.707428	2.072466	1.403307
0.852793	1.058569	2.707428	4.259986	2.257710	2.298324
1.210133	0.988712	2.072466	2.257710	4.625167	2.639132
1.863518	1.107649	1.403307	2.298324	2.639132	9.224813
SB
0.000086	0.079439	0.252539	0.162657	0.297484	0.253546
0.079439	0.001965	0.070233	0.027486	0.094804	0.070764
0.252539	0.070233	0.000132	0.007700	0.002956	0.000156
0.162657	0.027486	0.007700	0.002371	0.008728	0.002656
0.297484	0.094804	0.002956	0.008728	0.001331	0.006142
0.253546	0.070764	0.000156	0.002656	0.006142	0.000281

wegight[fold=5]
0.002324	-0.006046	-0.006805	0.012824	-0.011195	0.001220
J(w) : 0.000053
