total mean
0.662389	0.409806	0.169592	0.237565	0.103247	0.169245
mean of class
0.668937	0.428548	0.173295	0.213443	0.083153	0.175573
0.655842	0.391063	0.165888	0.261687	0.123342	0.162917
SW
4.121185	0.804256	0.328249	0.824029	1.044131	1.782019
0.804256	6.884138	0.448880	1.047442	1.065755	1.040939
0.328249	0.448880	3.824802	2.641712	1.978109	1.164981
0.824029	1.047442	2.641712	4.190457	2.254751	2.168334
1.044131	1.065755	1.978109	2.254751	4.504389	2.262299
1.782019	1.040939	1.164981	2.168334	2.262299	8.151176
SB
0.000171	0.077214	0.253058	0.165852	0.297674	0.256056
0.077214	0.001405	0.068990	0.027843	0.093151	0.070560
0.253058	0.068990	0.000055	0.007813	0.002495	0.000108
0.165852	0.027843	0.007813	0.002328	0.008118	0.002553
0.297674	0.093151	0.002495	0.008118	0.001615	0.006362
0.256056	0.070560	0.000108	0.002553	0.006362	0.000160

wegight[fold=1]
0.003112	-0.005102	-0.008330	0.014184	-0.012810	0.001475
J(w) : 0.000376
