total mean
0.660317	0.401829	0.169889	0.238984	0.102733	0.173826
mean of class
0.665522	0.422837	0.175471	0.215127	0.083362	0.181679
0.655112	0.380821	0.164307	0.262842	0.122104	0.165972
SW
4.306204	0.886470	0.439627	0.887559	1.229815	1.853090
0.886470	6.925893	0.482183	1.079934	1.037160	1.323081
0.439627	0.482183	3.922331	2.680821	2.171562	1.499549
0.887559	1.079934	2.680821	4.253536	2.287256	2.334558
1.229815	1.037160	2.171562	2.287256	4.606126	2.570305
1.853090	1.323081	1.499549	2.334558	2.570305	9.298235
SB
0.000108	0.081055	0.251217	0.162151	0.295303	0.249550
0.081055	0.001765	0.066838	0.025598	0.090441	0.065980
0.251217	0.066838	0.000125	0.007634	0.002848	0.000090
0.162151	0.025598	0.007634	0.002277	0.008653	0.002416
0.295303	0.090441	0.002848	0.008653	0.001501	0.006824
0.249550	0.065980	0.000090	0.002416	0.006824	0.000247

wegight[fold=0]
0.002727	-0.005705	-0.006801	0.012998	-0.011778	0.001307
J(w) : 0.000068
