total mean
0.660582	0.404818	0.164320	0.234040	0.100759	0.168080
mean of class
0.663714	0.424032	0.171729	0.210070	0.079623	0.178244
0.657451	0.385603	0.156911	0.258009	0.121896	0.157917
SW
4.307307	0.684220	0.245788	0.727131	0.991619	1.918406
0.684220	6.624122	0.350196	0.892677	1.051180	1.402337
0.245788	0.350196	2.996398	2.040800	1.897010	1.413547
0.727131	0.892677	2.040800	3.681200	2.012513	2.256297
0.991619	1.051180	1.897010	2.012513	4.480728	2.644369
1.918406	1.402337	1.413547	2.256297	2.644369	9.101090
SB
0.000039	0.077345	0.256849	0.164596	0.293567	0.255831
0.077345	0.001477	0.071354	0.027564	0.091286	0.070817
0.256849	0.071354	0.000220	0.007444	0.002483	0.000191
0.164596	0.027564	0.007444	0.002298	0.007775	0.002720
0.293567	0.091286	0.002483	0.007775	0.001787	0.006130
0.255831	0.070817	0.000191	0.002720	0.006130	0.000413

wegight[fold=7]
0.001478	-0.005511	-0.006239	0.014370	-0.012527	0.001482
J(w) : 0.000020
