total mean
0.663173	0.406967	0.168304	0.235544	0.099798	0.168879
mean of class
0.671673	0.430021	0.174548	0.213151	0.081887	0.174008
0.654674	0.383912	0.162060	0.257937	0.117709	0.163750
SW
4.104589	0.776442	0.309000	0.798924	1.121785	1.868089
0.776442	6.558457	0.385537	1.073676	1.061348	0.848222
0.309000	0.385537	3.777780	2.717134	2.072304	1.355015
0.798924	1.073676	2.717134	4.254768	2.211460	2.263186
1.121785	1.061348	2.072304	2.211460	4.563733	2.478539
1.868089	0.848222	1.355015	2.263186	2.478539	8.930845
SB
0.000289	0.082806	0.259705	0.171178	0.306876	0.257986
0.082806	0.002126	0.071803	0.029613	0.097539	0.070900
0.259705	0.071803	0.000156	0.006954	0.003231	0.000117
0.171178	0.029613	0.006954	0.002006	0.009109	0.002440
0.306876	0.097539	0.003231	0.009109	0.001283	0.006702
0.257986	0.070900	0.000117	0.002440	0.006702	0.000105

wegight[fold=9]
0.004271	-0.006795	-0.006229	0.011644	-0.010743	0.001130
J(w) : 0.000392
